2000 50000
0 165 24
0 2502 70
0 2879 99
0 5303 48
0 8441 1
0 10706 89
0 12064 78
0 12336 61
0 12430 53
0 12836 45
0 15091 79
0 16593 78
0 17475 96
0 20034 38
0 21831 99
0 22287 2
0 22350 92
0 22663 7
0 26347 73
0 27095 59
0 27563 63
0 30196 50
0 32750 51
1 980 40
1 7259 61
1 8416 87
1 11226 89
1 11738 74
1 12549 4
1 17675 58
1 24634 25
1 24644 57
1 24764 23
1 25293 93
1 28147 7
1 28567 25
1 29098 33
1 29928 62
2 153 28
2 219 44
2 1403 21
2 1527 99
2 3553 63
2 3569 82
2 4296 44
2 5037 77
2 6277 48
2 6505 49
2 7345 1
2 7664 68
2 9268 65
2 9771 51
2 10539 60
2 10940 25
2 11505 47
2 12264 87
2 12274 10
2 12508 39
2 14153 92
2 14220 55
2 16511 26
2 16866 45
2 18088 40
2 18097 62
2 19278 46
2 19678 2
2 20140 77
2 21566 84
2 24668 99
2 25677 20
2 29097 56
2 29268 41
2 32320 46
3 355 92
3 3519 74
3 6422 96
3 6588 8
3 7103 42
3 8434 79
3 9216 77
3 10122 67
3 11745 41
3 12489 100
3 13314 24
3 14836 32
3 16405 39
3 17257 56
3 17499 29
3 20233 46
3 20543 36
3 20915 39
3 23995 74
3 24395 16
3 24554 22
3 24784 70
3 25386 75
3 25567 92
3 25590 18
3 25837 49
3 30038 52
3 30689 88
3 31524 45
4 823 57
4 1063 37
4 1883 65
4 2552 32
4 3735 87
4 3808 100
4 4576 49
4 4709 72
4 5102 6
4 6767 60
4 7273 95
4 9042 4
4 9494 57
4 9506 4
4 11353 21
4 12499 24
4 12551 58
4 13052 43
4 13849 14
4 14699 20
4 14958 100
4 16421 36
4 16452 46
4 17086 31
4 20892 4
4 21474 55
4 23924 78
4 24622 31
4 25871 100
4 26416 66
4 27614 25
4 29408 8
4 30819 64
4 32382 5
4 32725 76
5 2009 5
5 2058 91
5 2229 76
5 3114 42
5 3872 14
5 4142 95
5 7684 29
5 11094 88
5 15421 46
5 16690 62
5 16797 42
5 17499 67
5 17883 49
5 17995 1
5 18132 82
5 18610 1
5 19100 62
5 19977 52
5 20324 49
5 20751 20
5 20997 42
5 22850 43
5 24293 9
5 24449 36
5 26893 62
5 28493 33
5 28940 81
5 29047 76
5 29720 46
5 29916 13
5 29932 65
5 29964 53
5 30354 85
5 31193 13
6 1755 44
6 1814 8
6 2594 4
6 4514 12
6 4635 18
6 8050 59
6 8934 92
6 9398 70
6 10650 11
6 10978 85
6 11846 23
6 13814 92
6 15637 60
6 15765 86
6 15899 41
6 23226 40
6 24452 30
6 25429 71
6 26826 15
6 27403 69
6 28246 78
6 28579 71
6 29994 99
6 30463 50
6 30524 61
6 31049 27
6 32521 70
7 1353 1
7 4550 95
7 5072 35
7 5156 27
7 5413 5
7 7258 29
7 7750 60
7 8013 12
7 8355 35
7 8830 92
7 9344 48
7 14678 94
7 16534 19
7 16963 38
7 17173 63
7 17316 86
7 18085 58
7 18487 94
7 19754 70
7 19777 73
7 21729 37
7 22540 90
7 22570 44
7 24172 40
7 25322 60
7 26159 49
7 28199 85
7 28503 25
7 30974 4
7 31092 54
8 981 68
8 1973 60
8 4363 19
8 4982 30
8 5228 7
8 6250 100
8 6896 64
8 7124 19
8 7438 58
8 8178 68
8 9797 39
8 9865 56
8 10412 24
8 10542 76
8 14597 51
8 14826 100
8 16050 10
8 16516 13
8 16923 28
8 17032 93
8 17422 80
8 19898 63
8 20004 66
8 20181 78
8 22382 76
8 24427 40
8 25785 29
8 32381 2
9 1532 77
9 2581 30
9 2915 80
9 4318 83
9 4710 39
9 5615 14
9 5979 87
9 6060 29
9 7070 29
9 8025 28
9 8035 29
9 8289 13
9 9876 26
9 10387 88
9 10525 47
9 10798 77
9 12991 22
9 13847 11
9 13872 61
9 14126 45
9 14440 8
9 14491 95
9 14902 84
9 15777 73
9 16107 72
9 17434 50
9 19076 79
9 21005 71
9 21871 83
9 22011 12
9 22450 85
9 22772 55
9 25434 5
9 25548 51
9 25925 12
9 27930 66
9 28179 68
9 29792 10
9 30093 2
9 30242 31
9 31234 22
9 32595 68
10 1074 82
10 7139 85
10 10298 16
10 11048 71
10 11113 9
10 11570 88
10 12340 76
10 13118 94
10 13418 38
10 13456 69
10 16607 71
10 16932 43
10 18229 75
10 18709 72
10 20425 68
10 21258 46
10 21313 83
10 24004 10
10 25900 22
10 26165 7
10 26621 47
10 26835 43
10 28705 72
10 29081 10
10 30691 95
10 31838 98
10 32284 46
11 1652 21
11 2438 14
11 3828 91
11 4527 45
11 5022 24
11 6582 63
11 7141 1
11 7263 55
11 8055 21
11 8437 10
11 8445 62
11 9655 92
11 10335 37
11 14091 1
11 14397 65
11 14668 46
11 15590 19
11 16678 50
11 18170 48
11 18659 9
11 20262 5
11 23204 5
11 24813 75
11 27062 12
11 28329 13
11 28430 79
11 29064 96
12 26 89
12 79 2
12 931 88
12 1999 41
12 2608 44
12 2938 89
12 4154 79
12 4761 11
12 8871 92
12 9622 58
12 9815 21
12 9952 3
12 11034 59
12 14082 62
12 15022 19
12 15738 71
12 16216 52
12 17311 12
12 20102 81
12 23213 50
12 23431 28
12 23510 70
12 23830 38
12 23985 17
12 26323 96
12 26732 37
12 28625 69
12 29516 40
12 31013 34
12 31266 18
12 32163 31
12 32612 26
13 1119 49
13 1567 89
13 2093 79
13 3092 46
13 3697 75
13 4531 9
13 4616 69
13 9743 2
13 10577 3
13 12400 70
13 14137 99
13 14334 91
13 14808 14
13 15224 6
13 15428 71
13 16110 41
13 16873 63
13 18104 26
13 18137 61
13 21723 100
13 22998 53
13 26757 33
13 28166 41
13 31716 52
13 32649 80
14 1830 96
14 2776 41
14 3428 56
14 3927 93
14 3954 46
14 4496 63
14 5197 65
14 9624 20
14 9828 39
14 11941 42
14 12208 21
14 12503 61
14 12739 61
14 12826 78
14 15390 87
14 16005 63
14 16992 28
14 18044 7
14 18878 9
14 19598 95
14 19768 2
14 20459 48
14 21416 35
14 21563 62
14 21751 76
14 23338 44
14 25171 12
14 25558 73
14 27676 4
14 28698 74
14 30960 82
14 31932 42
14 32597 15
15 840 43
15 2652 32
15 2895 61
15 3322 9
15 4830 58
15 7371 48
15 7534 43
15 7926 23
15 7937 79
15 9968 61
15 10191 11
15 10443 17
15 10722 74
15 10813 49
15 11348 7
15 13394 47
15 13817 69
15 13880 28
15 14240 5
15 15869 30
15 16276 92
15 18900 11
15 21060 22
15 21140 63
15 24112 4
15 24582 78
15 25870 34
15 25938 75
15 27039 8
15 28332 36
15 29767 97
15 32392 8
16 652 75
16 1377 57
16 6395 39
16 6726 31
16 6885 91
16 15113 61
16 17323 89
16 18334 4
16 19852 30
16 20393 2
16 21453 80
16 24770 93
16 25700 42
16 27074 59
16 27208 92
16 27248 1
16 28348 88
16 28430 78
16 29558 18
16 30428 56
17 156 18
17 1859 2
17 2772 53
17 2926 63
17 3290 45
17 4249 15
17 4809 18
17 4942 72
17 5577 26
17 6169 54
17 9125 66
17 10531 95
17 10720 11
17 12279 25
17 12545 56
17 13899 96
17 15615 16
17 16041 31
17 17775 57
17 17937 89
17 18167 14
17 18711 56
17 20253 33
17 20268 70
17 21802 48
17 23022 9
17 24063 79
17 24441 86
17 30424 53
17 31629 33
17 31680 76
18 1286 51
18 1649 9
18 2457 27
18 3760 56
18 4507 94
18 5712 28
18 9809 84
18 10626 88
18 13378 48
18 13708 25
18 15885 65
18 17393 38
18 18931 96
18 19195 26
18 20205 94
18 20629 39
18 21141 49
18 21546 31
18 22036 92
18 22472 39
18 22970 12
18 23211 70
18 24789 85
18 27331 83
18 30038 62
18 30316 27
18 30613 37
18 32611 40
19 1534 45
19 1850 95
19 2277 80
19 3712 95
19 4325 1
19 4463 74
19 5140 79
19 6577 55
19 7347 51
19 7526 11
19 8065 81
19 8081 32
19 9165 91
19 10674 41
19 10858 52
19 11314 78
19 11665 24
19 11761 26
19 11886 28
19 11931 87
19 12546 72
19 13160 2
19 13273 25
19 13735 46
19 14662 1
19 15055 36
19 17789 44
19 18725 99
19 21672 79
19 21822 86
19 22039 63
19 23347 88
19 25605 79
19 26580 65
19 27462 50
19 27682 76
19 27865 63
19 29034 14
19 29407 94
19 30226 77
19 30700 100
20 1336 22
20 1825 82
20 2971 29
20 5789 6
20 7939 47
20 8009 89
20 9272 86
20 12852 51
20 13401 21
20 14337 52
20 14550 94
20 14716 29
20 14737 62
20 15713 17
20 17043 52
20 19395 35
20 19529 36
20 19931 24
20 20731 21
20 21088 50
20 22582 96
20 22946 78
20 23018 67
20 23991 19
20 24145 83
20 24808 53
20 25272 99
20 25664 12
20 26827 88
20 27499 49
20 28171 19
20 30402 3
20 32014 21
20 32546 40
21 1711 27
21 2413 29
21 4065 80
21 4264 28
21 4372 77
21 5487 14
21 6267 11
21 11269 55
21 13739 65
21 14409 32
21 17562 58
21 19046 50
21 19806 15
21 20205 55
21 20310 2
21 20361 36
21 20734 47
21 22707 90
21 25972 69
21 27728 51
21 28478 30
21 28686 54
21 28748 66
21 29624 55
21 30413 28
21 31173 92
21 31333 76
22 1167 31
22 1462 94
22 3193 17
22 3725 49
22 4420 76
22 4506 70
22 4704 15
22 5695 52
22 6566 60
22 8126 53
22 9323 80
22 9432 7
22 10100 96
22 10766 92
22 11525 1
22 12423 48
22 13163 3
22 13473 2
22 13641 85
22 16278 75
22 20883 68
22 21957 50
22 21960 29
22 22324 78
22 23326 16
22 23432 18
22 24930 14
22 25145 11
22 25354 59
22 26236 44
22 27028 89
22 32149 62
22 32458 82
23 89 37
23 94 88
23 2360 78
23 2535 20
23 3178 4
23 4097 74
23 7981 88
23 8629 77
23 8887 33
23 9674 4
23 13389 48
23 15356 49
23 19212 77
23 20563 46
23 20749 58
23 21425 77
23 22015 80
23 23055 3
23 23762 9
23 23894 8
23 24130 85
23 24323 4
23 27838 63
23 28286 59
23 30441 64
23 30451 42
23 30908 45
23 31472 65
24 212 29
24 313 4
24 2129 74
24 2966 78
24 4025 32
24 4793 94
24 4969 84
24 6364 57
24 7794 89
24 7871 83
24 8582 61
24 8965 19
24 10981 28
24 11277 15
24 11800 56
24 12284 80
24 12353 75
24 12877 31
24 14650 67
24 17462 46
24 17621 29
24 19812 27
24 21598 33
24 23397 73
24 26851 67
24 28440 83
24 29661 23
24 31064 71
24 31534 23
24 32083 70
25 2553 79
25 4105 43
25 4851 26
25 5041 65
25 6162 31
25 7790 32
25 8210 28
25 9342 40
25 10237 38
25 10386 67
25 11968 30
25 12537 55
25 13606 31
25 15801 87
25 16050 12
25 19077 13
25 19236 96
25 23851 43
25 26218 45
25 27607 20
25 27761 31
25 28954 85
25 29081 89
25 29089 19
25 29242 28
25 30569 15
25 32229 65
26 1130 22
26 3358 50
26 4288 75
26 10421 18
26 12152 41
26 13425 92
26 13440 65
26 17048 70
26 17987 72
26 18754 57
26 18864 63
26 21130 98
26 21840 75
26 22544 25
26 22732 70
26 23182 36
26 23398 89
26 24166 75
26 24948 96
26 27557 2
26 27702 58
26 29348 90
26 30582 55
27 3979 23
27 5442 68
27 7521 12
27 8569 88
27 11359 88
27 12448 74
27 14184 93
27 14562 100
27 21030 70
27 21076 76
27 21290 73
27 21581 88
27 21719 23
27 23107 44
27 23382 52
27 28464 94
27 30303 89
27 30537 19
27 32650 91
28 456 66
28 747 26
28 2450 18
28 2485 100
28 3274 42
28 3282 72
28 3853 67
28 4103 24
28 5018 45
28 5119 66
28 6640 96
28 6695 79
28 7335 46
28 9214 20
28 11031 36
28 12316 90
28 12459 21
28 12489 77
28 15013 22
28 15115 66
28 15632 2
28 17504 1
28 20262 22
28 21500 36
28 21761 72
28 22284 82
28 22865 54
28 22897 65
28 26990 71
28 29338 50
28 30629 9
28 30813 74
29 1397 84
29 1498 82
29 2434 4
29 4014 52
29 9057 7
29 10192 77
29 13807 56
29 15628 99
29 16705 28
29 17182 54
29 19275 80
29 20361 64
29 21486 2
29 23437 51
29 23802 78
29 23912 52
29 25666 78
29 26449 69
29 28653 78
29 28895 97
29 30463 65
29 31079 97
29 32095 38
29 32484 25
30 2248 39
30 2317 47
30 2623 65
30 3009 49
30 3291 86
30 5256 7
30 5502 7
30 7076 49
30 7257 12
30 7577 34
30 8452 23
30 11010 95
30 11615 72
30 15846 83
30 18960 32
30 20857 12
30 23768 65
30 28862 63
30 29040 23
30 30772 25
30 31583 45
30 31937 26
31 135 81
31 678 68
31 2034 9
31 3014 91
31 8404 6
31 9044 43
31 9332 53
31 11316 6
31 14424 27
31 15574 100
31 15719 26
31 15885 69
31 16303 9
31 16373 41
31 16610 97
31 16846 96
31 17587 53
31 17667 49
31 18142 19
31 20100 97
31 22606 35
31 23779 13
31 26917 11
31 27642 16
31 27811 85
31 28616 31
31 28660 36
31 29384 40
31 30726 55
32 85 9
32 1163 94
32 4569 25
32 6163 13
32 6471 34
32 6526 17
32 8514 72
32 9034 11
32 9043 65
32 11202 75
32 12121 99
32 12198 15
32 13248 15
32 16482 38
32 16861 70
32 17069 39
32 17480 50
32 17600 1
32 18112 87
32 19529 39
32 21210 53
32 22040 60
32 23356 46
32 23989 6
32 24813 53
32 25751 77
32 26922 62
32 27354 97
32 27632 7
33 452 6
33 1615 52
33 2230 15
33 2582 93
33 3666 98
33 4271 29
33 4383 81
33 5670 60
33 6313 89
33 6750 60
33 6751 38
33 7045 100
33 8263 60
33 9119 94
33 13444 29
33 15997 28
33 16144 9
33 16768 71
33 18631 17
33 19506 82
33 21011 52
33 21458 78
33 23098 26
33 23113 54
33 24726 51
33 24798 72
33 26279 92
33 26520 10
33 27422 83
33 28340 6
33 28952 89
33 30842 96
33 31208 24
34 1027 28
34 1250 2
34 1849 27
34 2438 7
34 5377 35
34 6798 45
34 8703 26
34 8918 1
34 9425 27
34 9803 12
34 9848 18
34 11847 75
34 14263 2
34 16886 12
34 19694 66
34 25290 72
34 26378 79
34 26525 60
34 30617 67
35 1515 48
35 4646 93
35 4896 74
35 8300 4
35 8308 11
35 8961 73
35 9745 73
35 10238 50
35 11467 43
35 12706 59
35 13197 12
35 14567 11
35 14693 82
35 16096 85
35 16800 89
35 18314 12
35 18979 7
35 19346 5
35 19481 16
35 20404 43
35 24095 30
35 24609 40
35 26918 87
35 27069 18
35 27292 68
35 27848 67
35 28454 45
35 30789 21
36 1847 95
36 3868 100
36 6983 95
36 7664 18
36 7704 51
36 8334 64
36 8546 28
36 9647 15
36 10313 12
36 10415 79
36 10578 65
36 10687 16
36 12491 29
36 14892 20
36 14972 94
36 15642 31
36 16758 46
36 19107 81
36 19184 96
36 21577 58
36 21992 95
36 23122 46
36 23545 82
36 24569 30
36 24998 26
36 25324 91
36 25612 78
36 25661 88
36 25832 73
36 26120 15
36 26174 97
36 26851 94
36 27575 44
36 30749 57
37 292 98
37 1809 24
37 4712 2
37 5396 27
37 6177 62
37 7097 87
37 7340 93
37 10866 22
37 12451 89
37 14923 45
37 15219 31
37 15778 57
37 18345 28
37 19050 10
37 19484 33
37 20324 30
37 22044 53
37 23437 24
37 25442 64
37 27479 51
37 27624 7
37 27727 98
37 27764 82
37 30496 75
37 30637 28
37 31002 78
37 31331 31
37 31574 5
38 1881 83
38 3009 23
38 4436 84
38 5612 41
38 5977 92
38 7010 39
38 7545 51
38 7759 26
38 8524 17
38 9147 47
38 9873 83
38 10994 18
38 11213 66
38 12564 80
38 14493 72
38 15328 28
38 15367 37
38 15692 32
38 16518 12
38 17850 72
38 18919 26
38 20422 72
38 21149 79
38 22657 83
38 23507 12
38 23617 86
38 25377 87
38 25719 65
38 29845 98
38 30061 97
38 31600 3
39 461 97
39 1589 91
39 1839 72
39 2129 30
39 4885 3
39 5347 79
39 6028 71
39 8683 92
39 9824 90
39 15554 65
39 20689 28
39 20795 75
39 23245 76
39 25579 96
39 25795 4
39 27009 6
39 28001 52
39 31270 3
39 31575 89
39 31892 8
39 32022 60
39 32538 73
40 1204 100
40 2284 10
40 5193 84
40 10118 98
40 10638 28
40 11539 76
40 14192 96
40 16084 82
40 20492 51
40 23191 9
40 24251 32
40 24928 37
40 27051 86
40 30059 87
40 31684 86
41 7 88
41 1086 97
41 1812 3
41 2270 75
41 3588 9
41 3627 17
41 4224 73
41 6615 9
41 7676 65
41 8641 27
41 9649 62
41 15189 30
41 16611 41
41 17270 31
41 18080 73
41 19222 17
41 19956 53
41 20561 84
41 21382 90
41 23600 86
41 24448 45
41 24456 21
41 24950 8
41 25283 2
41 25532 59
41 25933 15
41 29324 19
41 30088 10
41 30386 53
41 30593 21
41 30595 69
41 30655 56
41 30859 53
41 31171 68
42 632 19
42 781 25
42 1004 99
42 1478 46
42 1588 20
42 1664 44
42 1772 85
42 1866 30
42 2243 91
42 3777 16
42 4040 53
42 4044 80
42 4939 23
42 5441 77
42 7797 32
42 7807 64
42 9162 50
42 9237 42
42 9515 52
42 12371 14
42 12549 27
42 12689 57
42 13537 71
42 14717 100
42 17713 12
42 19083 80
42 19544 87
42 19702 46
42 19928 68
42 20641 71
42 20701 58
42 22443 7
42 23871 15
42 24731 52
42 25233 39
42 25479 61
42 27112 67
42 27277 46
42 28251 62
42 29744 30
42 32082 55
43 785 97
43 979 9
43 2150 15
43 2267 87
43 2348 30
43 2472 54
43 3689 66
43 3854 33
43 4378 20
43 5835 5
43 6078 88
43 7533 16
43 7800 26
43 8240 22
43 8653 36
43 9648 52
43 10231 72
43 10442 99
43 11531 8
43 12192 22
43 13777 65
43 17051 67
43 19500 43
43 20560 52
43 20588 51
43 22676 3
43 26512 100
43 26745 51
43 26936 23
43 27984 67
43 29324 11
43 30027 60
43 31985 6
44 51 76
44 369 19
44 1142 19
44 2586 23
44 2885 67
44 2887 91
44 4648 70
44 5270 52
44 7062 65
44 10523 56
44 10858 83
44 11111 89
44 12203 92
44 13290 30
44 13432 7
44 15114 45
44 18086 85
44 18271 19
44 18323 86
44 19786 98
44 20184 60
44 20408 58
44 21815 11
44 24521 96
44 26379 92
44 26651 52
44 27275 37
44 30656 41
44 30693 48
44 32538 17
45 8 42
45 2612 98
45 5896 31
45 5925 39
45 6314 16
45 7123 21
45 7586 67
45 9742 59
45 9888 39
45 10019 70
45 16139 86
45 17927 70
45 20373 99
45 22267 54
45 24985 88
45 25475 41
45 28698 62
45 29860 39
45 32432 15
46 1108 98
46 1233 100
46 1865 36
46 2170 46
46 3304 45
46 4424 33
46 4430 61
46 5077 26
46 6110 97
46 7348 88
46 7701 91
46 10734 66
46 12165 22
46 13653 17
46 15107 84
46 15526 48
46 16317 14
46 16983 88
46 17087 33
46 18917 52
46 19304 60
46 19384 78
46 19473 52
46 19915 18
46 20911 82
46 22021 70
46 26073 66
46 26250 24
46 26477 25
46 27515 54
46 28408 95
46 28662 3
46 28991 15
46 29317 67
46 29512 78
46 29658 67
46 29898 84
46 31552 23
46 31683 21
47 405 87
47 1537 54
47 2305 48
47 2407 47
47 3395 57
47 3934 96
47 4913 85
47 5867 60
47 6308 34
47 6877 50
47 7321 82
47 7689 58
47 7938 61
47 8685 67
47 8743 7
47 10922 26
47 11463 43
47 11553 17
47 12139 62
47 13221 96
47 13819 98
47 14750 79
47 15066 65
47 15142 59
47 16940 21
47 17047 92
47 18379 30
47 18945 52
47 19138 16
47 19869 27
47 20809 53
47 25051 64
47 25457 3
47 25697 74
47 26266 76
47 28330 24
47 28612 30
47 29191 1
47 31940 22
47 32606 19
48 2752 10
48 3633 4
48 3864 77
48 4352 27
48 4930 5
48 5798 43
48 7205 94
48 7989 40
48 8631 78
48 8896 9
48 9485 64
48 9777 48
48 11164 45
48 12801 1
48 14508 65
48 15458 69
48 17006 83
48 18962 73
48 19141 11
48 20994 87
48 24588 88
48 27372 60
48 27631 40
48 29412 51
48 29803 61
48 31359 65
48 31649 54
48 32038 63
48 32230 81
49 994 4
49 1221 81
49 1989 90
49 2100 42
49 4941 76
49 5110 90
49 5331 62
49 6048 37
49 6777 23
49 9980 59
49 10608 47
49 13100 81
49 13846 65
49 14224 73
49 14269 87
49 14709 51
49 15758 5
49 15884 53
49 16243 38
49 18781 2
49 19721 83
49 19780 1
49 20259 20
49 20276 80
49 20419 4
49 21088 79
49 21348 60
49 23655 29
49 23833 43
49 23958 44
49 24328 77
49 24944 77
49 25961 28
49 27641 63
49 30819 94
49 30827 69
49 31705 84
49 31900 5
50 633 95
50 5068 48
50 5114 8
50 5705 58
50 6560 68
50 8075 25
50 8130 8
50 8425 48
50 9421 58
50 10896 4
50 14330 89
50 15068 75
50 16409 42
50 20108 58
50 21686 96
50 22017 50
50 22105 45
50 23058 20
50 23680 2
50 24243 22
50 25162 47
50 26857 10
50 27860 2
50 28893 28
50 29067 61
50 31937 4
50 31973 87
51 1483 1
51 3665 45
51 5091 20
51 5361 55
51 5977 10
51 6030 53
51 6551 62
51 9101 59
51 9655 78
51 10814 6
51 11392 30
51 12642 47
51 14539 82
51 15381 91
51 19225 63
51 20448 4
51 21403 80
51 21943 74
51 24519 76
51 25405 90
51 25593 35
51 25790 26
51 28933 75
51 28971 36
51 29482 22
51 30763 17
51 31180 11
51 31640 84
51 31822 48
52 2689 74
52 3112 41
52 3625 72
52 5265 76
52 5539 61
52 6084 50
52 6476 39
52 9670 75
52 11449 61
52 12093 1
52 12161 63
52 12164 11
52 15799 22
52 15860 33
52 16998 51
52 18167 56
52 20528 38
52 20567 93
52 20662 16
52 21288 3
52 21516 49
52 23612 78
52 27330 1
52 27355 6
52 28793 60
52 28986 11
52 29630 95
52 29745 97
53 272 100
53 3185 23
53 3405 48
53 4513 34
53 4535 13
53 5531 9
53 9655 70
53 11078 97
53 11334 5
53 12337 44
53 14192 14
53 15012 43
53 15771 83
53 15874 6
53 18488 94
53 18969 24
53 19293 72
53 19388 87
53 20869 30
53 23052 21
53 23152 72
53 23243 69
53 23686 14
53 24560 25
53 24886 44
53 26290 24
53 26604 87
53 28438 88
53 30018 26
53 31825 65
53 32301 14
53 32391 55
54 1075 91
54 2327 55
54 6039 59
54 6183 15
54 7204 38
54 7904 15
54 7973 25
54 8110 29
54 8417 16
54 8444 78
54 8551 49
54 9068 8
54 9567 90
54 10383 16
54 12025 20
54 13838 11
54 14590 77
54 16090 20
54 16267 10
54 18399 67
54 20212 11
54 20378 69
54 24023 27
54 24703 80
54 25050 100
54 25225 35
54 26952 86
54 27740 58
54 28076 23
54 30181 5
54 31036 61
54 31123 78
55 387 39
55 1347 20
55 2387 65
55 4168 99
55 4743 74
55 5291 66
55 5835 63
55 7393 45
55 9671 59
55 11070 59
55 11127 21
55 11152 3
55 15268 12
55 15733 36
55 15991 92
55 18187 63
55 18346 1
55 18925 2
55 19483 71
55 19493 18
55 19517 99
55 19753 52
55 20247 62
55 21429 85
55 22230 37
55 22316 75
55 22438 29
55 23702 71
55 23764 15
55 24561 63
55 24931 87
55 25075 75
55 25964 89
55 26638 38
55 26882 90
55 28537 44
55 29496 47
55 30330 25
55 31191 10
56 1139 73
56 1486 16
56 2953 33
56 3115 64
56 3123 40
56 3165 83
56 3609 75
56 6069 52
56 6185 77
56 6426 5
56 6795 58
56 6981 26
56 7497 37
56 8812 91
56 10193 91
56 10890 43
56 12131 7
56 12217 99
56 13672 14
56 17412 94
56 19366 37
56 20614 61
56 20694 3
56 21736 96
56 21889 59
56 22479 31
56 25190 90
56 26650 86
56 27753 67
56 28290 34
56 28629 80
56 29543 8
56 29792 33
56 30242 76
56 30712 51
56 30977 13
56 31475 18
56 31541 10
56 31730 26
56 32599 40
57 1986 24
57 2138 100
57 4623 38
57 5323 15
57 6074 48
57 7600 52
57 7791 13
57 8087 55
57 8658 82
57 8896 5
57 9013 54
57 10057 3
57 10489 2
57 11358 62
57 13266 67
57 15764 85
57 15843 2
57 16931 33
57 17585 50
57 18465 12
57 19321 24
57 19898 24
57 20506 3
57 21188 73
57 23152 93
57 25084 66
57 26675 28
57 27724 82
57 28757 53
57 29334 98
57 29711 82
58 767 46
58 1055 12
58 1461 73
58 1641 11
58 1926 74
58 4558 38
58 4591 27
58 5182 22
58 5488 18
58 5501 98
58 5854 15
58 6407 10
58 7743 75
58 8670 6
58 8893 26
58 9163 84
58 9293 59
58 9346 71
58 9835 53
58 10283 3
58 11016 6
58 11433 92
58 12335 18
58 12821 44
58 12935 67
58 14304 11
58 15093 7
58 15240 66
58 15510 69
58 16399 62
58 16850 82
58 17140 26
58 18385 93
58 18400 43
58 18440 76
58 19111 67
58 21481 58
58 23155 64
58 24563 18
58 25112 10
58 26539 94
58 26798 74
58 26985 65
58 27245 91
58 27585 23
58 27661 16
58 28636 92
58 28844 15
58 28940 9
58 29234 25
58 31072 74
59 810 5
59 1758 83
59 4301 51
59 4327 89
59 5053 63
59 7462 84
59 9688 42
59 12774 51
59 13841 80
59 14176 30
59 16248 24
59 18943 8
59 19886 83
59 20369 60
59 20732 95
59 23939 79
59 26975 79
59 28343 32
59 28393 10
59 29638 7
59 31299 11
60 214 74
60 3587 94
60 3891 33
60 4859 43
60 5041 30
60 5078 14
60 6137 99
60 6501 72
60 6679 8
60 6885 53
60 7231 81
60 7774 68
60 8623 28
60 9830 19
60 10313 42
60 10447 52
60 10915 47
60 12055 43
60 13562 69
60 14291 78
60 15768 17
60 16117 17
60 16384 26
60 20955 5
60 21159 25
60 21273 3
60 22680 78
60 22991 70
60 24094 82
60 24304 53
60 24928 37
60 24988 79
60 30763 37
60 30912 28
60 31116 17
60 32119 87
61 2233 100
61 2682 96
61 2882 13
61 3883 49
61 4339 28
61 5844 21
61 7093 68
61 7227 23
61 7327 20
61 7417 17
61 7672 38
61 12533 85
61 13023 14
61 13379 97
61 15834 24
61 16172 68
61 16429 1
61 16654 77
61 17412 39
61 19404 12
61 19431 73
61 19469 35
61 22471 31
61 23972 21
61 24786 98
61 27762 65
61 27937 31
61 28517 57
61 31192 78
62 176 94
62 2596 94
62 2706 69
62 3458 57
62 5329 56
62 5383 92
62 5471 42
62 6790 98
62 7483 24
62 8245 13
62 8996 47
62 9254 3
62 11014 58
62 13863 44
62 14439 20
62 14552 66
62 14583 98
62 14632 84
62 17589 98
62 18777 80
62 19891 62
62 20794 13
62 22912 66
62 23916 60
62 31978 40
62 32396 80
62 32571 92
63 402 63
63 1743 31
63 1992 88
63 2408 71
63 2792 8
63 4417 29
63 6149 31
63 6218 94
63 6649 92
63 8034 33
63 8739 37
63 8860 67
63 9668 85
63 10430 52
63 11696 74
63 12325 31
63 13152 89
63 15971 66
63 16244 49
63 16373 55
63 17393 46
63 17891 50
63 18023 81
63 18927 1
63 18932 28
63 19415 82
63 21234 1
63 21479 31
63 21482 25
63 22327 59
63 24578 21
63 24696 17
63 25075 3
63 29416 33
63 30151 38
63 30549 55
63 30849 91
63 31412 41
63 31680 75
63 32066 26
64 300 65
64 1126 90
64 1357 39
64 1593 16
64 4916 81
64 5779 13
64 7227 30
64 8774 34
64 9599 68
64 10249 26
64 14698 92
64 16559 13
64 16808 16
64 16922 93
64 17409 97
64 17750 98
64 19721 93
64 20650 40
64 21631 100
64 24959 14
64 25235 55
64 25470 76
64 25892 97
64 26610 72
64 27255 36
64 30803 30
64 32117 60
64 32487 61
65 1317 53
65 2620 60
65 4793 72
65 5147 30
65 7166 33
65 8555 32
65 10012 49
65 10150 77
65 10949 50
65 11679 81
65 12448 23
65 12663 44
65 12851 81
65 13000 41
65 13695 68
65 13838 46
65 14563 28
65 14670 54
65 15852 53
65 17650 70
65 17802 23
65 18023 73
65 18710 94
65 18863 25
65 20169 34
65 21513 27
65 23634 29
65 25323 65
65 25794 94
65 25894 90
65 26717 14
65 27737 35
65 29804 55
65 29859 93
65 31827 62
65 31939 84
65 32179 18
66 1166 83
66 2173 3
66 3055 20
66 4315 37
66 8142 90
66 8244 65
66 9364 52
66 11019 84
66 11492 37
66 12016 70
66 12352 44
66 13995 72
66 15554 34
66 15580 40
66 16489 87
66 16772 93
66 18171 70
66 18428 2
66 18680 53
66 21524 43
66 23311 28
66 24300 40
66 25299 29
66 26687 82
66 27380 30
66 27619 32
66 30920 40
66 32503 81
67 405 18
67 421 69
67 4269 77
67 4763 33
67 4951 47
67 8997 15
67 9662 56
67 10863 72
67 13604 54
67 14872 33
67 15357 11
67 16209 97
67 18286 17
67 18325 26
67 18710 54
67 18885 42
67 19368 28
67 22281 51
67 23201 45
67 24138 77
67 24212 36
67 24220 67
67 25046 69
67 26167 57
67 26284 84
67 26944 83
67 27441 41
67 29023 28
67 30377 90
67 30579 40
67 31960 54
67 32194 6
68 716 10
68 822 81
68 5237 48
68 6058 55
68 6180 99
68 7071 94
68 7908 52
68 9370 64
68 9436 79
68 9516 53
68 10134 78
68 11512 29
68 12121 87
68 12573 31
68 12979 46
68 13286 88
68 13782 46
68 14722 18
68 14856 50
68 17458 59
68 17799 82
68 23753 32
68 25104 55
68 28094 49
68 28226 48
68 28822 80
68 29977 49
68 31242 70
68 31495 30
68 32444 10
69 278 30
69 1528 23
69 2586 54
69 3661 35
69 4662 95
69 8212 60
69 8221 37
69 10456 25
69 11708 89
69 13877 30
69 14510 45
69 15414 11
69 15695 70
69 16300 24
69 19740 68
69 20291 63
69 21409 26
69 22022 32
69 23066 58
69 23651 34
69 24326 52
69 24549 26
69 26595 91
69 26746 52
69 26934 44
69 27520 66
69 27521 67
69 28087 89
69 29647 73
69 31184 76
69 31643 82
69 32008 9
69 32586 78
70 639 45
70 1693 3
70 1941 82
70 3292 74
70 3516 94
70 4877 85
70 6756 45
70 9007 75
70 9215 23
70 10837 19
70 11112 58
70 11939 84
70 12873 37
70 13751 19
70 14021 53
70 17366 21
70 18674 9
70 20662 10
70 22594 96
70 23173 98
70 23214 55
70 24457 74
70 25765 7
70 27879 12
70 28547 31
70 30057 83
70 31137 38
70 32764 61
71 77 73
71 188 71
71 213 53
71 1300 15
71 1359 1
71 2539 53
71 2837 64
71 4886 85
71 6388 84
71 6969 2
71 7815 14
71 7941 39
71 8957 12
71 9127 19
71 9431 35
71 10795 7
71 11161 59
71 12308 29
71 15896 25
71 16684 74
71 16843 3
71 21470 51
71 21909 48
71 22145 93
71 27514 75
71 27857 1
71 28042 67
71 29053 59
71 29108 95
71 31776 42
72 5 7
72 230 96
72 1473 93
72 2876 96
72 4736 93
72 5081 66
72 5605 53
72 6449 64
72 6933 64
72 7157 71
72 9161 46
72 9268 72
72 11440 40
72 11471 72
72 15392 83
72 16126 19
72 17585 6
72 18857 33
72 19441 86
72 19555 8
72 21038 77
72 21413 5
72 21942 19
72 22794 5
72 23300 94
72 23468 99
72 25759 94
72 26030 76
72 27307 53
72 27717 18
72 29980 28
72 31092 16
72 31190 34
73 4858 38
73 6234 11
73 7075 87
73 7256 58
73 7299 39
73 9412 42
73 9582 58
73 9644 70
73 13676 65
73 14526 95
73 18767 28
73 19857 16
73 20314 65
73 20438 64
73 25545 88
73 25677 73
73 26022 91
73 26136 70
73 27362 4
73 28969 4
73 29566 37
73 29599 8
74 143 72
74 804 10
74 938 42
74 1015 13
74 2062 33
74 2485 23
74 3549 4
74 3934 9
74 4147 6
74 6324 77
74 8327 6
74 9747 61
74 9831 51
74 9837 80
74 10752 33
74 11692 27
74 12106 95
74 13082 4
74 14324 23
74 16495 34
74 16916 31
74 17884 33
74 18772 56
74 19608 36
74 19617 13
74 20176 28
74 20199 40
74 20261 52
74 22200 36
74 22714 46
74 23121 94
74 24029 32
74 24459 74
74 26605 89
74 27316 90
74 27697 77
74 27989 61
74 28873 49
74 29252 35
74 29668 73
74 31939 89
75 583 83
75 2124 46
75 3163 67
75 3881 66
75 4843 71
75 5937 62
75 6008 27
75 6164 84
75 7234 39
75 7310 55
75 8073 100
75 10010 13
75 11115 4
75 11563 45
75 11690 26
75 13191 92
75 13382 41
75 14141 27
75 14571 69
75 15351 11
75 18564 79
75 20112 84
75 21278 9
75 21694 24
75 22174 76
75 22235 64
75 22552 83
75 22709 73
75 22722 99
75 23925 32
75 25453 82
75 26177 86
75 27339 39
75 32394 83
76 200 49
76 276 10
76 298 21
76 1666 33
76 1881 54
76 4929 87
76 7172 97
76 7944 86
76 9057 75
76 9324 86
76 10587 60
76 10877 41
76 11591 68
76 11608 74
76 11831 3
76 12412 51
76 12683 2
76 13745 58
76 14090 85
76 18726 56
76 22249 15
76 24349 47
76 26022 76
76 26093 96
76 26176 40
76 27030 96
76 27516 44
76 27772 52
76 27978 98
76 28190 62
76 30243 10
76 31181 10
77 1266 92
77 2768 67
77 3026 47
77 4631 45
77 5248 1
77 5610 79
77 8520 77
77 8828 43
77 9744 42
77 10016 79
77 12463 99
77 14528 95
77 14730 68
77 17611 65
77 19242 83
77 23863 26
77 23996 35
77 24842 47
77 25292 12
77 26955 19
77 28724 28
77 30127 76
77 31376 45
77 32477 10
77 32629 87
78 872 56
78 1966 38
78 2538 11
78 3090 52
78 3114 88
78 3390 65
78 4318 43
78 5887 58
78 7972 54
78 7996 35
78 8082 51
78 10193 39
78 12426 62
78 16341 31
78 17863 61
78 19809 84
78 22673 65
78 23407 2
78 24044 12
78 24435 23
78 24816 56
78 25089 8
78 27249 81
78 27298 13
78 30168 78
78 31490 15
78 32651 13
79 1439 94
79 1784 67
79 3149 85
79 4406 31
79 4822 99
79 6644 66
79 6830 24
79 7197 63
79 10555 32
79 10606 43
79 10795 58
79 10807 38
79 10846 92
79 10884 53
79 11110 21
79 11117 28
79 11983 85
79 14196 85
79 14503 27
79 15108 58
79 17254 20
79 18158 16
79 18327 99
79 18436 82
79 19720 25
79 19944 23
79 21427 67
79 22034 23
79 25035 72
79 25312 59
79 25616 21
79 26210 96
79 26695 29
79 27171 33
79 27308 14
79 30522 51
79 30693 90
79 32685 94
80 3822 23
80 6203 38
80 6874 29
80 7424 23
80 8170 61
80 8485 56
80 8843 54
80 13837 55
80 14888 78
80 15516 67
80 15612 61
80 15770 74
80 17623 19
80 17681 36
80 18095 96
80 18780 91
80 21672 12
80 22845 66
80 23734 59
80 24209 15
80 26553 68
80 27021 17
80 28968 63
81 638 34
81 1854 23
81 2025 8
81 3415 31
81 3899 10
81 5565 95
81 5641 11
81 6033 100
81 6149 48
81 6207 79
81 6810 16
81 7040 65
81 7195 22
81 9222 32
81 9808 31
81 9869 19
81 10067 11
81 10208 19
81 11274 69
81 12045 89
81 12101 27
81 12697 4
81 12815 54
81 13242 48
81 15243 75
81 16121 67
81 19713 42
81 21889 4
81 30270 60
81 32465 61
82 349 45
82 766 52
82 1727 89
82 1891 53
82 2352 74
82 2533 91
82 3090 37
82 6098 52
82 8656 33
82 11944 84
82 14669 69
82 15380 2
82 15668 36
82 16156 64
82 17657 61
82 18298 75
82 18778 81
82 19928 1
82 20328 65
82 21023 16
82 23516 51
82 24351 30
82 25960 77
82 26105 56
82 26479 15
82 26599 66
82 27879 15
82 30874 36
82 30948 49
82 31218 85
82 31221 33
82 31287 49
82 32109 25
82 32566 74
83 35 97
83 639 50
83 986 93
83 1155 85
83 1480 80
83 2083 8
83 2189 57
83 2531 3
83 2550 34
83 2841 94
83 4578 92
83 5521 97
83 5703 92
83 6459 22
83 7296 56
83 7668 59
83 8609 64
83 10360 41
83 11352 56
83 12224 96
83 12302 82
83 14015 98
83 14404 61
83 14631 7
83 14793 39
83 15666 80
83 16063 65
83 17056 3
83 17445 11
83 18227 79
83 18316 74
83 19020 78
83 20927 36
83 23196 51
83 23578 85
83 25008 95
83 25865 53
83 25900 36
83 25948 98
83 27377 30
83 27533 33
83 28559 6
83 29609 84
83 31338 28
83 31997 18
84 93 97
84 485 40
84 1005 1
84 1220 45
84 1347 72
84 5098 54
84 6439 13
84 6566 93
84 8319 19
84 8566 97
84 9213 16
84 9440 62
84 10669 23
84 12598 15
84 12729 13
84 15931 80
84 17099 7
84 17167 24
84 19390 1
84 20621 18
84 20646 68
84 23672 45
84 26264 54
84 27063 82
84 28252 33
84 32423 80
85 1368 65
85 1554 8
85 4136 63
85 4850 20
85 7128 58
85 10046 63
85 10488 84
85 10951 6
85 11640 59
85 12830 35
85 13890 89
85 15650 66
85 15808 71
85 16857 48
85 17759 44
85 18204 14
85 18331 94
85 22821 84
85 25453 48
85 25685 53
85 26975 1
85 27602 11
85 29139 47
85 29544 29
85 29765 79
86 420 31
86 509 5
86 1351 81
86 2144 80
86 2525 14
86 3263 67
86 4092 73
86 5084 10
86 5828 23
86 6334 3
86 8676 9
86 9216 48
86 12546 19
86 14002 80
86 14164 66
86 14940 4
86 15214 43
86 15494 78
86 15577 91
86 17019 79
86 17979 15
86 20161 82
86 20617 53
86 20987 85
86 21881 50
86 24562 54
86 24728 89
86 25137 75
86 25497 30
86 25596 94
86 26897 53
86 28396 49
86 28911 92
86 30164 79
86 30688 22
86 31238 15
86 31855 94
87 2669 38
87 3829 89
87 6226 31
87 7605 22
87 7739 23
87 7852 99
87 8963 88
87 10044 44
87 11459 80
87 12791 18
87 12951 78
87 13154 43
87 13781 53
87 14338 99
87 16723 8
87 17537 9
87 17987 5
87 18244 15
87 18283 69
87 18871 25
87 19083 98
87 19237 22
87 20103 88
87 20173 52
87 21215 100
87 21368 9
87 21972 16
87 22641 84
87 23756 75
87 23850 90
87 25353 43
87 27506 33
87 28686 62
87 31297 71
88 208 97
88 1690 18
88 4407 28
88 5761 68
88 6755 84
88 6976 33
88 7269 94
88 7889 53
88 8468 77
88 8960 9
88 12520 73
88 12929 37
88 18376 60
88 18651 14
88 24950 46
88 26338 99
88 26358 21
88 27167 26
88 30685 88
88 31138 56
88 31224 49
88 31788 69
88 32152 51
88 32236 64
89 725 78
89 2154 65
89 3547 13
89 3590 71
89 4063 25
89 9305 4
89 9645 50
89 11329 12
89 11720 77
89 12720 59
89 13310 17
89 14682 9
89 15828 79
89 16450 39
89 16770 7
89 17572 5
89 18541 85
89 19191 53
89 19266 68
89 19382 70
89 20529 41
89 20660 17
89 21492 25
89 23506 32
89 25296 42
89 25454 2
89 26398 54
89 27250 85
89 27739 68
89 27944 57
89 28205 93
89 28969 29
89 29308 60
89 29503 50
89 29953 46
89 30740 40
89 32511 18
90 234 49
90 2667 89
90 3946 14
90 4178 18
90 4671 96
90 4675 23
90 7679 97
90 8263 26
90 8580 14
90 10013 3
90 10738 31
90 11047 98
90 14336 27
90 14817 57
90 15945 97
90 16334 60
90 17007 76
90 22084 76
90 22628 41
90 27076 43
90 29088 49
91 3394 18
91 4189 87
91 4421 16
91 6123 30
91 6676 72
91 6819 81
91 8608 13
91 9578 26
91 10218 16
91 11275 59
91 12576 19
91 14521 61
91 15007 18
91 16036 63
91 16243 31
91 16922 30
91 17040 2
91 17831 69
91 18089 25
91 20204 84
91 22944 52
91 24391 36
91 25518 53
91 25548 7
91 25641 7
91 26641 89
91 26793 28
91 27013 99
91 27185 63
91 28958 66
91 29055 92
92 1188 39
92 2566 15
92 3387 13
92 4436 89
92 6489 51
92 6614 84
92 7902 63
92 8327 45
92 8584 79
92 9426 32
92 10721 63
92 11879 11
92 12138 15
92 12980 100
92 14947 69
92 15265 66
92 16532 67
92 20227 34
92 21581 51
92 22199 38
92 22908 83
92 23143 35
92 23339 80
92 25417 2
92 26017 50
92 27636 7
92 28857 15
92 30256 23
92 32004 90
92 32292 32
93 1552 89
93 3116 46
93 3477 24
93 4012 67
93 4178 2
93 4371 44
93 4618 44
93 5308 90
93 6134 93
93 7722 38
93 7946 59
93 8350 49
93 8499 55
93 8673 65
93 8864 59
93 9237 63
93 9853 72
93 10346 49
93 11649 55
93 13081 44
93 13397 7
93 14387 98
93 14614 44
93 14633 75
93 15808 23
93 17145 42
93 18008 29
93 18330 43
93 18949 33
93 21409 56
93 22035 42
93 22508 42
93 23751 62
93 23858 87
93 28362 27
93 30628 94
93 30973 66
93 31433 18
93 31490 2
93 32094 32
94 1827 66
94 1891 3
94 1937 31
94 2631 58
94 3132 43
94 4106 82
94 4995 20
94 5511 32
94 5722 73
94 7147 8
94 7442 40
94 7997 92
94 8236 18
94 8387 3
94 9293 15
94 10738 84
94 11641 71
94 12005 98
94 12243 31
94 12407 64
94 12463 2
94 12623 86
94 12781 100
94 12798 43
94 14025 88
94 14263 12
94 14674 77
94 15319 18
94 16404 46
94 19943 41
94 20298 37
94 21060 80
94 22609 9
94 22997 62
94 23814 43
94 26288 79
94 27858 85
94 28314 11
94 30930 55
94 31856 45
94 32658 67
94 32666 74
94 32671 79
95 199 57
95 922 14
95 2960 26
95 3107 84
95 3746 42
95 8685 82
95 9519 38
95 9729 54
95 10153 23
95 10694 39
95 10963 74
95 12017 69
95 14465 54
95 17656 87
95 17785 15
95 18170 51
95 18483 90
95 18670 27
95 18732 93
95 18785 60
95 19079 68
95 22469 48
95 25515 3
95 25831 21
95 27014 21
95 27656 13
95 28401 5
95 31089 52
95 31350 57
95 32111 68
95 32432 14
96 312 2
96 614 17
96 1073 14
96 1128 73
96 1552 42
96 1641 37
96 2755 51
96 3596 80
96 3871 66
96 4567 17
96 6308 41
96 9356 97
96 9831 76
96 10342 84
96 10752 25
96 11052 62
96 12509 1
96 14117 47
96 15536 78
96 15820 40
96 17071 12
96 17159 75
96 17836 94
96 19213 92
96 21407 61
96 25841 45
96 26300 41
96 27922 46
96 29705 49
96 29991 59
96 30196 57
96 30238 90
96 30933 41
96 31210 97
96 32031 49
97 646 11
97 1983 76
97 3257 5
97 3429 60
97 4376 70
97 5637 87
97 5733 11
97 6308 87
97 7123 80
97 8804 93
97 9070 3
97 9375 75
97 14427 29
97 14890 83
97 15708 56
97 16661 39
97 18784 43
97 19043 76
97 20527 68
97 22604 65
97 26117 45
97 26662 89
97 26706 49
97 27474 88
97 27510 26
97 29307 78
97 30558 5
97 31506 61
98 1825 63
98 2442 72
98 2695 2
98 3837 46
98 7543 91
98 7815 27
98 8310 84
98 8604 78
98 8797 11
98 10025 79
98 11934 39
98 12255 86
98 14881 75
98 15360 4
98 17005 3
98 17463 75
98 20429 43
98 20652 93
98 20895 45
98 22017 11
98 23845 52
98 24671 54
98 24724 89
98 25611 80
98 26055 3
98 26345 61
98 28256 55
98 28644 31
98 31988 6
99 589 41
99 1320 98
99 2558 35
99 2989 64
99 3664 82
99 3975 51
99 10082 87
99 10143 44
99 10347 41
99 10822 42
99 13087 54
99 13849 97
99 16065 68
99 17088 16
99 18344 84
99 19449 76
99 22746 10
99 24470 74
99 24701 32
99 24736 60
99 27954 100
99 28737 22
99 31113 9
99 32743 58
100 6 83
100 4018 23
100 4035 7
100 5120 66
100 6701 52
100 8731 65
100 8746 91
100 9127 48
100 10774 3
100 11319 69
100 12138 43
100 12786 31
100 13164 93
100 15146 21
100 17713 16
100 18072 47
100 22063 32
100 22451 62
100 24767 62
100 25299 25
100 27789 12
100 28157 43
100 28281 44
100 28762 96
100 29141 27
100 29303 13
100 31343 49
100 31787 72
101 3208 41
101 4371 17
101 5037 82
101 5518 12
101 5708 82
101 6154 75
101 6184 61
101 8435 93
101 8642 61
101 9275 76
101 12174 26
101 12530 23
101 12559 54
101 12685 34
101 12919 55
101 13801 73
101 15329 77
101 16076 84
101 16119 97
101 17345 32
101 17688 89
101 17744 72
101 18694 30
101 18814 27
101 20922 49
101 22038 18
101 22378 73
101 23553 20
101 24256 92
101 24890 30
101 25455 83
101 26604 2
101 26957 50
101 27352 42
101 28257 8
101 28613 36
101 28646 40
101 29291 2
101 31184 66
101 31662 85
101 32455 84
102 772 12
102 1314 53
102 2116 29
102 2342 28
102 2381 6
102 2688 48
102 3420 27
102 5766 14
102 6823 20
102 7029 87
102 7690 79
102 8821 68
102 9551 31
102 9677 2
102 10818 22
102 11222 13
102 11544 83
102 12429 71
102 12506 11
102 12555 97
102 14098 83
102 14996 75
102 15589 26
102 15799 20
102 17174 15
102 18696 92
102 20434 22
102 21382 69
102 22730 13
102 23930 96
102 24069 47
102 26285 49
102 26502 50
102 28853 55
102 29402 1
102 30647 68
102 31284 23
102 32013 8
103 303 31
103 412 4
103 521 100
103 709 92
103 1639 17
103 3307 29
103 4051 87
103 4473 8
103 4602 4
103 4760 87
103 5645 53
103 6785 50
103 6874 68
103 8039 70
103 11093 54
103 12703 26
103 15320 62
103 18366 38
103 19879 93
103 21811 79
103 22687 23
103 24493 38
103 24547 74
103 24955 83
103 24980 42
103 25711 97
103 28312 28
103 28643 52
103 28841 98
103 29312 51
103 29374 8
103 32062 87
104 798 33
104 1459 2
104 3578 79
104 4095 92
104 4420 10
104 4647 65
104 7617 50
104 8050 16
104 8676 4
104 9044 34
104 9494 76
104 10149 39
104 11228 2
104 13861 89
104 14142 3
104 14469 77
104 15794 62
104 16500 14
104 18063 46
104 19309 13
104 20894 2
104 21105 74
104 21396 10
104 22069 58
104 22421 37
104 23017 14
104 23492 39
104 24353 24
104 25222 84
104 25585 64
104 26022 59
104 26181 19
104 26248 35
104 26335 51
104 27462 46
104 28996 46
104 29102 48
104 32550 15
105 1074 11
105 3755 61
105 4402 49
105 4519 52
105 5889 98
105 5959 84
105 8959 56
105 10530 95
105 12614 45
105 13582 78
105 15409 17
105 16244 74
105 17203 30
105 18436 49
105 18577 3
105 19892 56
105 20326 2
105 22246 41
105 22363 67
105 22757 71
105 22802 30
105 24581 70
105 26986 57
105 27619 72
105 27790 12
105 29306 15
105 29378 3
105 29569 67
105 29594 72
105 30022 89
105 30406 93
106 440 64
106 4367 90
106 4767 54
106 5138 55
106 5584 48
106 5675 23
106 5719 82
106 7317 96
106 8564 88
106 9279 93
106 9339 80
106 11201 10
106 13688 17
106 14159 70
106 14930 58
106 19709 15
106 19870 23
106 20308 95
106 20841 82
106 23261 27
106 24519 19
106 26660 62
106 27204 50
106 27357 4
106 27954 37
106 28072 9
106 29025 16
106 29901 59
107 366 96
107 511 53
107 1895 1
107 2284 33
107 2440 90
107 4453 6
107 5431 85
107 6526 45
107 7702 2
107 7724 82
107 11890 46
107 12758 60
107 12989 64
107 14149 61
107 14259 35
107 14267 11
107 15330 91
107 15617 24
107 15856 26
107 15976 9
107 16363 39
107 16642 74
107 17485 29
107 17875 16
107 18544 28
107 20008 73
107 20493 30
107 23149 97
107 24395 65
107 25090 37
107 26908 32
107 27571 26
107 30085 85
107 31310 27
108 1354 76
108 1716 1
108 2538 77
108 4007 27
108 5553 31
108 6900 95
108 7088 10
108 7246 46
108 9941 23
108 10034 44
108 12624 29
108 14968 81
108 16087 67
108 23808 33
108 25230 44
108 25703 67
108 26358 7
108 26785 47
108 27671 91
108 27957 31
108 29042 37
108 29711 4
108 31503 38
108 32195 63
108 32343 99
108 32635 59
109 678 49
109 2180 24
109 2506 67
109 6562 66
109 8906 95
109 9557 56
109 10994 94
109 11216 90
109 11775 60
109 12799 86
109 12963 18
109 13156 38
109 13525 37
109 18198 70
109 18515 89
109 19666 86
109 20838 86
109 21168 85
109 26613 29
109 27246 13
109 29492 25
109 29590 97
109 29640 7
109 29754 53
109 29870 32
109 30861 15
109 30944 14
109 31096 68
109 32260 46
110 27 36
110 184 17
110 1327 61
110 4319 57
110 4396 19
110 4631 18
110 5801 78
110 7623 14
110 7713 55
110 7782 50
110 10131 53
110 10592 6
110 11968 25
110 13358 48
110 14004 43
110 14707 14
110 14799 81
110 15283 36
110 16967 30
110 17461 31
110 17640 45
110 18337 44
110 18521 9
110 19953 89
110 20160 34
110 20333 44
110 21624 3
110 23353 24
110 24446 82
110 24561 6
110 25414 16
110 26369 24
110 26489 20
110 26610 73
110 27152 45
110 27364 87
110 29773 53
110 30615 8
110 30719 30
110 31739 75
111 270 24
111 1778 74
111 2622 53
111 2757 63
111 5365 77
111 5543 82
111 6700 63
111 7482 76
111 7667 64
111 8082 87
111 10990 83
111 12004 31
111 13446 88
111 13922 37
111 14294 15
111 14756 69
111 15484 45
111 16932 62
111 17645 88
111 17923 99
111 18275 47
111 18512 78
111 18596 93
111 18992 84
111 20439 92
111 20652 11
111 20747 57
111 20952 24
111 21859 1
111 22178 36
111 25110 45
111 25906 47
111 26310 83
111 27282 11
111 28750 7
111 29078 49
111 29862 95
111 29883 20
111 30112 44
111 30556 22
111 30673 16
111 30893 41
111 31678 57
111 31761 1
111 32429 21
111 32431 69
112 349 89
112 1155 37
112 1603 31
112 2230 87
112 3779 2
112 5170 71
112 6602 83
112 7344 94
112 11353 54
112 16946 35
112 17742 82
112 18972 90
112 19847 55
112 21852 63
112 22666 19
112 22756 29
112 23948 92
112 25609 97
112 26934 60
112 27997 62
112 29912 20
112 32235 25
113 280 39
113 996 22
113 1570 42
113 3403 10
113 3658 72
113 4360 19
113 5223 7
113 5624 41
113 6058 8
113 7049 45
113 7201 30
113 13129 6
113 13566 1
113 15227 5
113 16285 81
113 21712 26
113 25965 16
113 27825 45
113 28970 38
113 29049 10
113 29111 91
113 30625 100
114 380 83
114 1115 42
114 2879 45
114 4586 34
114 5057 63
114 6498 29
114 8424 86
114 8506 8
114 8555 94
114 9218 87
114 11833 98
114 13608 27
114 14111 81
114 14718 37
114 14844 70
114 15893 70
114 17370 41
114 20598 59
114 20812 56
114 20940 60
114 23774 97
114 25957 64
114 27121 11
114 27567 4
114 28356 31
114 30096 31
114 30637 94
114 32009 9
114 32157 91
114 32477 59
114 32739 41
115 773 86
115 3037 74
115 4320 24
115 4983 19
115 6204 80
115 7409 38
115 8829 93
115 9076 48
115 12357 78
115 12369 80
115 12647 45
115 13137 43
115 16031 43
115 17921 50
115 18245 21
115 19117 7
115 20157 53
115 20699 25
115 20823 48
115 23273 49
115 24305 28
115 25243 52
115 25317 66
115 25844 24
115 26745 96
115 27058 66
115 28243 23
115 30702 100
115 31918 12
116 128 69
116 1010 79
116 1274 40
116 2011 24
116 2228 38
116 2627 24
116 2724 50
116 5202 57
116 7901 60
116 8432 55
116 10272 74
116 12391 51
116 12648 83
116 13012 87
116 13276 72
116 13281 98
116 13766 46
116 15063 2
116 16483 11
116 17393 82
116 17599 26
116 17626 78
116 17660 91
116 17796 40
116 18099 32
116 19954 80
116 20357 92
116 22138 48
116 22630 79
116 23573 9
116 23661 34
116 24340 24
116 26959 8
116 28994 2
116 29800 50
116 30410 77
116 31452 79
116 32608 58
117 239 36
117 3383 85
117 6612 5
117 8349 1
117 8427 19
117 9718 23
117 10854 93
117 11085 66
117 11938 52
117 12877 77
117 12908 32
117 13346 5
117 13434 76
117 13859 92
117 13863 40
117 13993 70
117 14041 32
117 14143 76
117 14593 73
117 14761 33
117 14969 79
117 15028 43
117 17470 67
117 18268 85
117 18334 100
117 19091 40
117 19254 48
117 19542 14
117 20843 19
117 21149 28
117 22932 40
117 24040 80
117 28699 31
117 29030 55
117 29644 7
117 31273 65
117 31638 37
118 3180 35
118 3613 48
118 5372 34
118 5619 35
118 5675 50
118 8235 24
118 9389 70
118 9672 8
118 10501 60
118 10759 47
118 11998 63
118 12943 38
118 13310 68
118 14452 66
118 15497 62
118 16170 32
118 17713 87
118 17887 75
118 18969 77
118 19159 71
118 20797 49
118 21451 89
118 21604 21
118 22725 63
118 23103 72
118 23645 66
118 23911 21
118 25586 30
118 25877 43
118 25990 66
118 26089 62
118 26580 69
118 27141 41
118 30416 20
118 31376 78
119 151 25
119 1737 69
119 6017 89
119 7319 71
119 7474 4
119 10011 22
119 11093 33
119 12546 46
119 15104 41
119 15615 3
119 17263 82
119 17342 1
119 17580 78
119 20205 91
119 20267 80
119 23056 79
119 23850 79
119 26613 50
119 26731 45
119 27617 35
119 29098 32
119 30447 45
119 30892 14
119 31855 75
120 3076 28
120 3699 88
120 4287 35
120 4954 32
120 5241 65
120 5835 26
120 7102 62
120 7200 35
120 7563 38
120 7804 42
120 8817 89
120 13143 47
120 14447 45
120 16048 40
120 17775 91
120 18272 95
120 20914 14
120 21915 28
120 23627 97
120 25162 31
120 25819 96
120 27478 53
120 27615 79
120 28725 22
120 28854 26
120 28871 24
120 30779 92
120 30847 33
121 901 26
121 2034 71
121 2939 92
121 5204 49
121 5566 6
121 5754 20
121 6196 95
121 7211 14
121 7261 24
121 9094 92
121 10625 44
121 11003 6
121 12701 17
121 14240 100
121 14344 69
121 15527 55
121 17494 47
121 17942 19
121 19575 70
121 21071 95
121 22287 8
121 23303 26
121 23507 15
121 23624 18
121 25083 4
121 25353 39
121 27047 2
121 28072 74
121 28116 33
121 32722 94
122 712 58
122 961 60
122 1411 11
122 1678 35
122 1756 29
122 2818 8
122 2839 64
122 3669 16
122 6141 27
122 6233 49
122 6423 34
122 7795 3
122 7857 69
122 9833 14
122 10561 45
122 12222 58
122 12249 65
122 12488 67
122 13489 4
122 14211 38
122 14814 67
122 15370 12
122 16500 76
122 17992 98
122 18492 59
122 22939 14
122 24292 52
122 25505 63
122 26862 82
122 30815 82
122 31347 46
122 32298 81
122 32579 85
123 765 61
123 1211 32
123 1379 91
123 3758 4
123 4010 8
123 5847 57
123 7354 51
123 9427 77
123 10008 71
123 11587 64
123 12408 16
123 14382 68
123 14554 55
123 15112 1
123 18420 61
123 20074 14
123 20345 50
123 21418 30
123 23229 73
123 25025 56
123 26362 21
123 26850 72
123 27081 98
123 28686 96
123 28783 14
123 32193 94
124 721 94
124 2437 68
124 2755 79
124 2797 67
124 4659 67
124 5576 90
124 6574 1
124 7278 5
124 7595 24
124 8586 61
124 8785 30
124 10724 24
124 10749 5
124 11338 8
124 11496 35
124 11517 14
124 11748 95
124 12904 97
124 12971 59
124 14091 24
124 15227 18
124 15529 32
124 19496 81
124 19535 90
124 20462 45
124 21251 40
124 22323 97
124 23500 69
124 23510 47
124 23592 67
124 24295 70
124 25419 30
124 27193 43
124 27515 35
124 27702 26
124 28743 72
124 29168 95
124 29694 54
124 29790 24
124 30380 50
124 31410 73
124 31537 76
124 31826 11
125 6623 34
125 7347 15
125 7404 99
125 8288 41
125 8594 59
125 9398 6
125 9965 6
125 10633 71
125 11122 32
125 11748 64
125 12638 26
125 14264 25
125 15251 90
125 15855 97
125 16406 91
125 17449 94
125 18668 23
125 24008 52
125 24222 94
125 24264 29
125 25135 68
125 25144 91
125 25709 65
125 25918 35
125 28075 98
125 29292 65
125 29401 61
125 29675 23
125 30306 6
125 31226 54
126 2015 7
126 2600 38
126 3810 99
126 4550 31
126 4857 51
126 5246 59
126 7255 85
126 7320 77
126 8174 10
126 8797 2
126 9550 37
126 9996 31
126 10429 44
126 10440 54
126 12180 76
126 14496 44
126 16691 68
126 18609 37
126 20539 21
126 21337 94
126 22790 83
126 25720 13
126 26347 23
126 29112 64
126 30615 41
126 31482 31
126 32495 47
126 32565 11
127 5 72
127 1018 21
127 2899 96
127 3674 11
127 6173 98
127 6434 78
127 8927 14
127 9288 24
127 9816 83
127 9950 62
127 10548 18
127 11495 96
127 14075 25
127 15854 11
127 18178 8
127 18303 88
127 22142 87
127 22361 89
127 22374 6
127 25287 69
127 26178 54
127 26783 85
127 31315 33
127 31352 48
128 271 5
128 345 96
128 904 65
128 1007 34
128 1541 22
128 2018 2
128 2129 78
128 3088 57
128 3220 33
128 4613 37
128 5530 4
128 5698 87
128 6071 76
128 6891 74
128 6914 77
128 7076 63
128 9342 51
128 13282 4
128 14355 53
128 15706 21
128 18234 38
128 18262 69
128 19083 76
128 20010 45
128 25320 41
128 25890 89
128 28539 82
128 31152 91
128 31603 67
128 31915 4
128 32356 3
129 899 99
129 1786 98
129 2089 36
129 4172 85
129 5181 74
129 5267 67
129 8387 89
129 8550 54
129 9258 75
129 9857 87
129 10023 21
129 10101 84
129 10461 39
129 11584 51
129 11610 80
129 12845 24
129 15770 80
129 16113 28
129 17971 24
129 18015 83
129 19643 84
129 20165 25
129 20771 78
129 20855 1
129 21079 99
129 22319 37
129 23467 10
129 24763 65
129 25196 1
129 25418 5
129 26071 66
129 26342 80
129 26627 11
129 26912 51
129 27505 3
129 27590 49
129 28006 33
129 28555 25
129 29649 15
129 29733 38
129 32417 82
130 214 27
130 1609 99
130 2087 81
130 2947 11
130 3311 69
130 3699 99
130 5242 54
130 5523 68
130 5832 12
130 6169 78
130 6553 90
130 7122 61
130 8212 70
130 8359 51
130 8527 11
130 9007 63
130 9832 42
130 14534 5
130 14610 20
130 16183 85
130 19043 26
130 19382 3
130 19928 92
130 20042 39
130 20391 70
130 20721 38
130 21128 54
130 21478 54
130 21859 87
130 21962 32
130 22838 90
130 23769 17
130 24254 27
130 27263 43
130 27873 1
130 28004 77
130 29572 91
131 842 6
131 1938 67
131 2084 92
131 3589 94
131 5394 9
131 5509 9
131 6246 95
131 7899 100
131 8934 96
131 10167 15
131 10587 1
131 11093 36
131 11433 60
131 15285 16
131 20329 49
131 21638 52
131 24069 98
131 24080 54
131 24814 13
131 30013 80
131 30095 47
131 31294 6
131 32673 28
132 9342 27
132 9920 51
132 10081 13
132 10145 27
132 10564 91
132 11934 14
132 12747 36
132 13596 73
132 14070 19
132 14216 54
132 15044 59
132 16004 8
132 16153 67
132 16503 90
132 16686 9
132 17248 51
132 18829 67
132 21812 9
132 23777 61
132 24939 84
132 25233 23
132 25266 3
132 30289 58
132 30697 98
132 30885 66
133 1445 95
133 1709 80
133 4190 36
133 4216 96
133 6338 30
133 9758 66
133 11517 43
133 12852 75
133 12910 60
133 13321 33
133 14524 11
133 14980 81
133 15335 86
133 15941 41
133 16500 11
133 17637 82
133 18125 87
133 19984 14
133 22299 4
133 24749 13
133 25768 26
133 27178 58
133 30965 46
134 3383 79
134 5978 90
134 7617 70
134 8764 95
134 10210 25
134 10527 99
134 10966 17
134 14492 100
134 14657 34
134 15190 76
134 15445 7
134 16090 69
134 18240 35
134 20335 7
134 20791 32
134 21983 40
134 23369 83
134 23431 3
134 25064 23
134 26357 74
134 26478 82
134 26899 46
134 28365 30
134 28580 83
134 28627 13
134 30803 83
134 31367 58
134 32062 85
135 338 26
135 584 25
135 586 96
135 898 43
135 1032 98
135 1357 70
135 1750 29
135 4422 1
135 5261 30
135 5521 88
135 5614 32
135 9848 14
135 11095 36
135 11653 38
135 12370 13
135 13576 71
135 14405 98
135 14685 11
135 15003 100
135 20302 41
135 20908 49
135 21953 45
135 22029 93
135 23231 46
135 23780 17
135 24786 3
135 30104 99
135 30480 59
135 31328 64
135 32106 4
135 32223 62
135 32539 3
136 1419 51
136 2047 85
136 2478 5
136 3513 23
136 6712 87
136 7917 21
136 10776 39
136 12843 59
136 15697 95
136 16730 44
136 16922 38
136 17792 22
136 18326 11
136 19129 11
136 19184 70
136 19964 12
136 20170 56
136 21401 19
136 22105 23
136 22293 69
136 27291 64
136 27895 72
136 29275 93
136 30008 29
136 31671 81
136 32224 100
136 32506 37
137 3791 48
137 4052 16
137 5651 9
137 5909 33
137 6146 88
137 7553 9
137 7794 89
137 8142 88
137 10305 55
137 12232 46
137 14314 16
137 16048 88
137 16459 7
137 16528 40
137 17598 95
137 19328 49
137 19358 80
137 21079 96
137 21433 22
137 21599 57
137 22912 94
137 24386 8
137 24955 33
137 26082 50
137 27375 78
137 27467 100
137 27540 13
137 27641 33
137 28131 94
137 29025 14
137 29096 24
137 31722 15
138 1079 12
138 1458 43
138 1518 85
138 1519 31
138 2296 48
138 2457 86
138 2799 89
138 4275 50
138 5101 29
138 5228 33
138 6036 59
138 6652 14
138 7035 17
138 7386 73
138 8390 90
138 8511 88
138 9028 69
138 11492 83
138 13700 9
138 13861 62
138 15507 94
138 15623 97
138 15736 73
138 15748 20
138 18352 54
138 18355 80
138 21530 93
138 25200 24
138 25931 11
138 27737 26
138 30437 8
138 30617 46
139 151 10
139 1126 73
139 2080 72
139 2724 42
139 3573 93
139 3726 3
139 4512 51
139 4848 70
139 6229 70
139 7766 74
139 8096 19
139 12593 8
139 13327 43
139 14951 41
139 15161 89
139 16975 49
139 18824 99
139 19006 62
139 19924 32
139 20283 17
139 23096 21
139 23965 36
139 24734 21
139 26569 91
139 27413 46
139 28989 91
139 29677 34
139 29934 44
139 30847 64
139 32544 51
140 697 47
140 715 77
140 822 94
140 1432 52
140 2232 26
140 6259 71
140 7684 100
140 8713 44
140 8935 94
140 9104 77
140 10766 37
140 10883 32
140 11566 11
140 12790 76
140 14384 87
140 14613 89
140 15636 5
140 16585 85
140 17806 56
140 18564 42
140 20524 58
140 20542 66
140 20976 80
140 21310 60
140 22065 20
140 23851 50
140 25008 6
140 25232 72
140 26076 83
140 26973 42
140 28037 23
140 28099 89
140 30171 13
140 30247 6
141 1478 59
141 2038 52
141 3371 14
141 3574 64
141 4049 35
141 4693 73
141 8053 99
141 8587 64
141 8789 82
141 10400 23
141 10731 46
141 10770 9
141 10840 96
141 10973 74
141 12854 81
141 13123 16
141 13981 21
141 15559 35
141 15573 17
141 15740 52
141 16542 50
141 18757 21
141 19665 22
141 19932 31
141 22910 91
141 24226 23
141 26470 33
141 31276 89
141 31346 62
141 32483 1
142 1232 73
142 1511 86
142 1741 34
142 1844 55
142 1874 65
142 2459 87
142 4838 22
142 5410 71
142 6262 57
142 10057 21
142 11999 17
142 12475 42
142 12831 93
142 13567 76
142 13647 18
142 13743 88
142 13991 67
142 15718 18
142 16524 58
142 16574 22
142 18442 25
142 18627 38
142 19618 29
142 19865 84
142 20274 93
142 23300 93
142 26036 34
142 27150 48
142 28302 46
142 28699 62
142 29601 26
142 30423 2
142 32297 35
143 4147 99
143 5289 88
143 5334 2
143 6112 65
143 6374 24
143 6565 87
143 8015 52
143 8202 20
143 9114 39
143 9551 32
143 9692 85
143 13992 14
143 14011 14
143 14068 30
143 14656 76
143 15369 34
143 15416 50
143 15457 29
143 17618 17
143 18185 94
143 19214 7
143 19665 82
143 20516 66
143 22605 12
143 26531 59
143 27285 72
143 27812 86
143 28292 37
143 29478 95
143 30655 76
144 863 81
144 1730 71
144 1971 97
144 4552 4
144 7198 17
144 8799 12
144 10733 55
144 11192 5
144 15693 97
144 16609 96
144 16862 25
144 19358 8
144 22029 81
144 22044 63
144 22818 77
144 24158 44
144 24906 75
144 25088 70
144 25703 100
144 26207 33
144 27553 98
144 28902 10
144 29512 45
144 29840 43
144 30111 71
145 4398 9
145 5307 57
145 5486 71
145 5691 38
145 6149 42
145 6622 41
145 8753 97
145 9839 35
145 10345 70
145 11170 95
145 12112 68
145 12113 92
145 17055 81
145 17127 24
145 17298 9
145 17509 36
145 18155 46
145 18998 55
145 19588 26
145 21092 81
145 24365 4
145 26497 92
145 27488 75
145 27825 4
145 28299 50
145 28705 43
145 31183 73
146 893 27
146 2319 56
146 2697 63
146 3455 4
146 5043 17
146 5285 23
146 5901 32
146 8123 8
146 8641 91
146 8981 67
146 11614 9
146 13198 74
146 13274 67
146 13838 87
146 17675 85
146 19116 96
146 20589 40
146 21416 12
146 23229 80
146 30688 63
146 32225 89
146 32591 50
147 1504 78
147 3468 98
147 4903 58
147 7261 92
147 7331 33
147 7714 82
147 7858 69
147 8152 85
147 8497 4
147 8613 6
147 9855 25
147 10213 23
147 13180 13
147 14257 75
147 15701 56
147 17494 15
147 17915 80
147 23507 14
147 24954 76
147 26273 2
147 27537 30
147 30305 20
147 31406 85
148 188 38
148 1429 31
148 1495 15
148 2037 56
148 2663 97
148 2843 59
148 3579 42
148 5270 33
148 5893 39
148 5919 22
148 8716 98
148 9309 72
148 9791 2
148 9858 96
148 9919 84
148 10325 90
148 11690 40
148 14011 89
148 14762 100
148 15332 71
148 18038 81
148 21900 60
148 22953 86
148 23875 59
148 26999 53
148 27101 52
148 27486 88
148 29055 49
148 29366 40
148 32334 77
149 13 72
149 291 6
149 547 6
149 1368 58
149 2051 6
149 2212 68
149 3259 20
149 3912 59
149 4838 58
149 6900 51
149 7840 100
149 8100 89
149 8592 88
149 9066 66
149 10596 19
149 13806 38
149 15928 94
149 16333 31
149 16871 46
149 16875 18
149 18413 77
149 18453 63
149 19283 38
149 19950 35
149 20148 27
149 21241 8
149 22590 52
149 25720 75
149 25775 34
149 27478 28
149 29416 65
149 31853 94
149 32552 93
150 2112 40
150 2116 13
150 2695 60
150 2824 42
150 3566 77
150 5755 73
150 6208 95
150 6774 40
150 15671 53
150 15883 26
150 16390 39
150 19455 48
150 20322 6
150 21799 100
150 23206 53
150 24581 2
150 24736 36
150 25446 60
150 27680 37
150 28396 20
150 30730 96
150 30875 29
150 31314 70
150 32720 99
151 248 8
151 492 38
151 707 37
151 1159 26
151 1876 55
151 2062 23
151 2342 58
151 2791 8
151 5392 93
151 6277 5
151 6411 6
151 7341 40
151 8154 8
151 8160 5
151 8615 83
151 8767 37
151 10076 26
151 10726 39
151 10939 82
151 11750 57
151 15329 6
151 17483 20
151 18272 84
151 19144 25
151 21301 32
151 21354 100
151 22109 59
151 23244 29
151 23411 96
151 24446 14
151 25358 56
151 26284 87
151 27116 63
151 27900 9
151 28456 76
151 28582 33
151 31001 100
152 1437 60
152 5330 73
152 5431 39
152 6215 39
152 6427 57
152 7184 65
152 7942 59
152 8808 93
152 9461 87
152 9709 66
152 12528 20
152 13340 73
152 13592 1
152 14360 64
152 16508 4
152 17587 81
152 19241 33
152 21311 79
152 22217 32
152 22313 48
152 22950 35
152 24711 69
152 26818 66
152 26927 94
152 27461 59
152 28046 58
152 28559 67
152 29056 49
152 29681 11
152 30149 61
152 30656 42
153 462 89
153 1183 45
153 1250 61
153 4205 49
153 5057 4
153 5782 63
153 6499 93
153 6593 38
153 6794 1
153 8030 69
153 8130 42
153 13915 9
153 14646 19
153 15462 45
153 15623 52
153 16117 85
153 16981 19
153 17451 70
153 17485 52
153 17976 59
153 19176 97
153 21465 35
153 21791 54
153 22202 65
153 23738 100
153 23835 16
153 25437 20
153 26754 99
153 30496 81
153 31877 73
153 32500 56
154 266 68
154 2135 19
154 2575 70
154 3647 95
154 4881 15
154 5324 5
154 7937 69
154 7973 53
154 11192 72
154 11525 65
154 12710 21
154 18043 44
154 20506 1
154 20971 25
154 23969 63
154 24835 30
154 25667 7
154 30016 44
154 31914 72
154 32156 54
154 32679 18
155 1639 8
155 2402 75
155 2473 40
155 2850 93
155 2904 83
155 3154 32
155 4904 10
155 5025 39
155 5041 91
155 10961 90
155 14073 83
155 14436 8
155 14730 79
155 15095 76
155 15339 83
155 15649 28
155 17999 100
155 19519 51
155 21203 45
155 21454 48
155 21742 60
155 22316 81
155 23417 14
155 24147 46
155 24596 51
155 25902 51
155 29955 2
155 31250 55
155 32530 4
155 32628 31
155 32673 36
155 32741 76
156 98 14
156 1030 19
156 1096 90
156 3678 89
156 3883 32
156 4211 31
156 4840 19
156 6341 63
156 8129 48
156 8216 19
156 8513 30
156 9013 36
156 9437 5
156 10603 52
156 12181 75
156 12383 7
156 12906 25
156 12982 18
156 14080 81
156 17890 95
156 18172 87
156 18209 39
156 18268 57
156 19509 51
156 20095 19
156 20529 42
156 21515 28
156 23614 82
156 24003 14
156 25205 100
156 26239 94
156 30616 40
157 583 94
157 1463 34
157 3101 12
157 3593 65
157 4059 45
157 7255 52
157 7988 10
157 8357 18
157 8440 8
157 10729 55
157 12722 7
157 14562 72
157 15123 52
157 15883 63
157 16242 63
157 17060 89
157 18650 28
157 19071 48
157 19211 77
157 19482 82
157 20535 85
157 21814 41
157 21943 15
157 22330 53
157 22536 67
157 23286 54
157 25178 39
157 28502 81
157 30750 32
157 31078 30
157 31090 9
157 31422 56
158 347 18
158 585 11
158 1004 28
158 1512 11
158 1736 63
158 3521 68
158 5000 63
158 5497 45
158 6188 23
158 6472 76
158 9281 61
158 10521 100
158 13604 94
158 14079 41
158 15237 91
158 15588 92
158 15851 75
158 16434 50
158 17626 80
158 18356 35
158 19269 54
158 20836 76
158 20869 25
158 21290 45
158 22157 4
158 25311 8
158 26685 25
158 29177 14
158 29779 64
158 29810 53
158 29946 55
158 31466 52
158 32479 100
159 265 89
159 439 22
159 1887 39
159 4502 50
159 4904 8
159 8022 60
159 8939 52
159 10017 82
159 11653 68
159 14162 100
159 14992 83
159 15455 29
159 15625 45
159 20938 35
159 23775 97
159 24307 15
159 24475 74
159 25836 65
159 25958 18
159 28018 87
159 28561 74
159 29118 97
159 30047 21
159 31411 93
159 31576 4
159 32173 73
159 32255 17
160 3972 81
160 4354 15
160 4595 10
160 4931 60
160 5232 98
160 7347 33
160 7368 90
160 7471 58
160 8876 39
160 12066 18
160 12327 53
160 12856 91
160 13290 82
160 13712 49
160 14300 50
160 14555 58
160 14723 18
160 16536 30
160 16599 20
160 17339 85
160 20155 91
160 21955 47
160 23896 41
160 23993 67
160 24072 52
160 24255 95
160 24585 40
160 25538 23
160 25762 21
160 27064 49
160 27979 93
160 27985 43
160 29046 99
160 31976 6
160 32310 23
160 32543 51
161 3556 12
161 5523 11
161 5847 51
161 6157 19
161 7344 100
161 8192 83
161 8567 42
161 12057 10
161 12093 25
161 12967 35
161 16226 9
161 17842 32
161 17853 87
161 17978 34
161 18118 95
161 18187 4
161 19095 28
161 21015 67
161 21034 98
161 22674 47
161 23140 49
161 24521 49
161 25594 7
161 25892 64
161 26068 54
161 26504 24
161 27220 75
161 27964 57
161 28305 12
162 878 2
162 2218 92
162 2432 13
162 2722 25
162 4666 91
162 4751 60
162 5011 40
162 5146 97
162 6359 6
162 7082 86
162 7982 57
162 10188 28
162 10455 15
162 11361 37
162 11419 22
162 11752 47
162 13333 10
162 15007 72
162 16475 35
162 17526 59
162 17777 86
162 18356 87
162 19667 24
162 20183 82
162 20217 63
162 22392 10
162 22472 75
162 23773 33
162 24768 19
162 25230 64
162 26210 54
162 26487 63
162 27080 60
162 27765 87
162 28491 16
162 29410 95
162 29960 35
162 30305 62
162 30499 4
162 32559 94
162 32632 62
163 737 41
163 1964 54
163 3479 56
163 4483 95
163 4955 26
163 4990 8
163 5717 15
163 6432 65
163 9975 78
163 10487 41
163 11178 10
163 12176 76
163 19589 67
163 19851 26
163 20140 16
163 23250 6
163 23318 23
163 24335 44
163 26085 98
163 27040 74
163 29820 20
163 30090 78
163 30241 85
163 31638 69
163 31846 6
163 31872 20
163 32030 71
164 171 65
164 949 82
164 1210 41
164 2472 82
164 3371 52
164 3444 65
164 4513 96
164 4766 80
164 6177 35
164 7245 34
164 7937 36
164 8041 35
164 9154 17
164 11246 96
164 12511 17
164 12729 41
164 13420 10
164 13713 57
164 17190 69
164 21438 86
164 22764 50
164 22804 82
164 24147 52
164 25319 51
164 25401 41
164 25413 43
164 27883 29
164 29477 40
164 30080 78
164 30334 53
164 32681 85
165 1264 14
165 2520 13
165 2619 9
165 3998 77
165 4920 27
165 6012 16
165 6795 83
165 7559 96
165 7990 94
165 8337 14
165 10761 41
165 11644 50
165 11927 11
165 12553 98
165 14623 89
165 16822 16
165 17126 33
165 17266 8
165 18105 36
165 19856 69
165 20895 90
165 21023 17
165 21480 21
165 22939 30
165 23669 62
165 30554 48
165 30746 34
166 285 80
166 1154 64
166 2653 14
166 3635 97
166 3942 85
166 4400 12
166 6041 38
166 8927 63
166 12175 81
166 12626 80
166 13246 14
166 13782 4
166 15598 97
166 15669 62
166 16327 82
166 16379 62
166 23099 83
166 23893 6
166 24194 97
166 28460 90
166 31512 41
166 32224 21
167 3079 21
167 3731 59
167 4349 47
167 4570 96
167 6161 36
167 8907 23
167 9750 32
167 9987 56
167 10635 21
167 13891 46
167 15379 19
167 17792 35
167 18905 56
167 20314 79
167 21663 91
167 22207 11
167 22365 25
167 22416 81
167 25799 10
167 26585 25
167 26965 89
167 27017 47
167 28498 89
167 28657 49
167 29373 78
167 29770 40
167 30628 45
167 31513 65
168 571 27
168 1861 76
168 4252 67
168 4340 8
168 7812 32
168 8072 13
168 9439 87
168 10891 22
168 11374 75
168 12918 86
168 14269 46
168 14442 10
168 17423 50
168 18702 6
168 20182 71
168 20249 34
168 21846 33
168 22410 99
168 22991 71
168 25179 43
168 25840 12
168 26578 20
168 28660 45
168 29231 16
168 29947 99
168 30485 81
168 31077 9
169 674 95
169 1148 18
169 1726 43
169 2231 100
169 3792 62
169 4724 67
169 5606 98
169 7838 84
169 7866 14
169 8081 58
169 9255 82
169 9555 26
169 10143 28
169 10206 95
169 11177 100
169 14597 35
169 18103 64
169 18780 38
169 19296 96
169 22638 14
169 22988 37
169 24074 29
169 25622 34
169 28638 34
169 29099 32
169 29419 100
169 30372 28
169 30594 33
169 30646 89
169 31403 29
169 31842 24
170 1446 76
170 1682 53
170 2242 47
170 2278 7
170 3087 4
170 3461 39
170 5182 31
170 6901 75
170 7743 29
170 9550 68
170 13091 79
170 14692 28
170 16637 48
170 19217 1
170 21669 3
170 22437 66
170 22841 57
170 23859 100
170 25114 89
170 26223 7
170 27167 91
170 27832 77
170 29943 10
170 30864 59
171 816 10
171 1361 30
171 1785 67
171 2983 50
171 4228 47
171 5793 4
171 6075 19
171 6171 43
171 6901 44
171 7087 57
171 8461 28
171 9916 88
171 10011 67
171 11991 61
171 13651 96
171 14007 24
171 14012 51
171 14333 43
171 16305 94
171 16329 75
171 17448 38
171 17891 83
171 18135 35
171 18882 21
171 19214 68
171 24160 5
171 26213 53
171 27320 37
171 28172 46
171 28669 81
171 29006 79
171 29540 67
171 30499 24
171 31222 27
172 768 48
172 2477 38
172 2794 3
172 6128 22
172 6345 91
172 10055 72
172 10253 86
172 10271 40
172 13742 8
172 16310 90
172 16587 100
172 17175 47
172 18416 18
172 19267 71
172 21493 74
172 22498 92
172 23438 18
172 23564 20
172 26217 40
172 26338 70
172 27190 32
172 27450 36
172 29217 42
172 30800 7
172 31505 80
172 31670 91
172 32168 49
172 32428 53
173 887 67
173 2053 93
173 2387 55
173 2625 57
173 3357 22
173 4356 35
173 4947 62
173 5123 51
173 6586 64
173 8898 38
173 8995 54
173 11114 62
173 13992 34
173 15521 63
173 16514 24
173 16880 53
173 17359 57
173 18377 2
173 22320 46
173 23483 23
173 23979 35
173 25999 62
173 28737 5
173 28940 1
173 29282 49
173 31079 11
173 31676 11
173 32336 55
174 72 35
174 2242 100
174 5926 43
174 11060 18
174 11485 87
174 12590 24
174 14580 5
174 14800 21
174 15550 63
174 15580 18
174 16143 15
174 16742 71
174 17074 41
174 18063 53
174 20201 61
174 24322 29
174 24472 81
174 25009 50
174 25267 74
174 26180 25
174 27581 3
174 27662 92
174 28419 85
174 29500 63
174 29611 61
174 29961 16
174 31449 79
175 554 25
175 1124 74
175 1779 92
175 2311 86
175 2320 9
175 3058 48
175 4443 89
175 4827 71
175 5395 18
175 6206 93
175 8403 64
175 9546 86
175 9782 40
175 11056 60
175 11991 45
175 13267 35
175 13530 51
175 13971 17
175 15298 27
175 15474 16
175 16440 25
175 17313 35
175 17536 9
175 17858 79
175 18653 2
175 19505 34
175 20285 75
175 21974 87
175 26557 77
175 27468 95
175 28341 82
175 29384 62
175 30739 48
175 31652 22
175 31816 78
175 31871 14
175 31972 35
175 32469 71
175 32621 56
176 451 4
176 621 65
176 1314 59
176 1560 68
176 1832 73
176 2410 52
176 4488 72
176 5089 77
176 5483 35
176 5807 30
176 5913 77
176 11664 17
176 12099 55
176 12814 91
176 14916 62
176 15377 14
176 16355 1
176 19276 55
176 19916 36
176 21446 20
176 21527 17
176 21792 70
176 22493 71
176 25520 72
176 26446 94
176 27258 93
176 27629 72
176 27947 15
176 28652 97
176 28703 30
176 29149 78
176 29189 10
176 29755 32
176 30884 51
176 32298 55
176 32390 44
177 2653 95
177 2685 51
177 6945 47
177 7316 3
177 7585 28
177 8924 19
177 9261 93
177 13740 5
177 16624 73
177 19993 98
177 21487 22
177 22006 37
177 22406 69
177 24654 83
177 24826 14
177 25339 2
177 25491 32
177 28671 19
177 29363 67
177 30380 87
178 383 79
178 1243 86
178 1274 64
178 3513 24
178 3607 16
178 5461 71
178 6397 93
178 6494 87
178 6775 1
178 6779 73
178 6959 43
178 8148 71
178 8253 19
178 8983 73
178 9124 35
178 9922 30
178 10025 29
178 11327 3
178 12279 85
178 12827 78
178 12860 58
178 14142 86
178 14915 21
178 15083 67
178 15519 83
178 15663 61
178 19100 3
178 19682 53
178 20351 98
178 20555 63
178 22339 54
178 23332 37
178 23871 52
178 26041 72
178 28454 89
178 28933 94
178 30083 13
178 31470 66
178 31892 54
178 32000 26
179 1442 24
179 3958 9
179 5013 90
179 6078 40
179 6114 1
179 6613 38
179 6972 84
179 8353 38
179 8822 12
179 10825 41
179 11414 43
179 12363 77
179 12412 9
179 13322 80
179 15520 98
179 15984 99
179 16483 81
179 17186 7
179 20140 49
179 23355 41
179 23686 56
179 24202 22
179 26400 40
179 27660 89
179 28062 100
179 30212 10
179 31512 14
180 863 69
180 940 8
180 2397 24
180 2399 26
180 2756 46
180 2824 63
180 2965 71
180 3388 37
180 3402 64
180 4210 13
180 4370 97
180 4591 70
180 7217 5
180 8548 65
180 10803 30
180 13783 92
180 15913 79
180 16576 18
180 16586 95
180 21934 31
180 23450 80
180 23777 22
180 24215 63
180 26067 61
180 29301 7
180 29402 82
180 29640 6
180 30408 69
180 30681 7
181 686 47
181 1798 36
181 2478 13
181 3557 67
181 3836 24
181 4480 64
181 4691 36
181 5729 88
181 6240 19
181 6869 53
181 8035 24
181 8095 20
181 9955 63
181 12327 55
181 14324 9
181 14855 49
181 15327 71
181 17353 12
181 17937 10
181 19116 61
181 19147 71
181 20180 42
181 20416 19
181 20556 3
181 21083 84
181 21801 15
181 25891 72
181 26184 11
181 26215 89
181 27542 100
181 28353 20
181 28752 60
181 28765 64
181 29058 24
181 29379 70
181 29506 20
181 29575 15
181 30530 68
181 31358 18
182 844 76
182 1168 1
182 1259 35
182 1289 76
182 1470 62
182 3328 33
182 4803 57
182 5239 19
182 5257 95
182 5376 100
182 5492 79
182 5926 25
182 6111 14
182 6939 32
182 7126 54
182 7232 25
182 7491 60
182 8295 27
182 8406 25
182 9921 82
182 10825 48
182 10838 74
182 11512 68
182 12429 67
182 12445 96
182 14131 5
182 14874 64
182 16006 61
182 17369 9
182 18370 24
182 19386 42
182 19477 31
182 19534 48
182 20389 58
182 21644 25
182 21928 40
182 25454 93
182 26498 19
182 27274 12
182 29101 28
182 30836 33
182 31150 96
182 32559 95
183 800 62
183 1200 49
183 1611 6
183 1938 57
183 2975 100
183 3663 76
183 5590 66
183 6777 93
183 7178 35
183 7487 48
183 8198 26
183 8456 59
183 9119 29
183 9141 54
183 9482 100
183 10158 96
183 10744 51
183 12895 85
183 13566 30
183 13848 22
183 14954 5
183 15233 63
183 15860 4
183 16904 45
183 16907 26
183 17511 1
183 17871 78
183 18303 21
183 19663 43
183 22253 73
183 23321 58
183 24436 41
183 24768 97
183 26143 92
183 26453 28
183 27014 54
183 28506 21
183 30158 27
183 30894 87
183 32668 92
184 1042 59
184 1289 14
184 2529 30
184 3495 8
184 5506 66
184 6095 46
184 8209 96
184 9363 96
184 13619 58
184 14357 98
184 14844 46
184 15717 19
184 18931 55
184 21371 24
184 23829 9
184 24429 35
184 24467 65
184 26300 88
184 27292 3
184 32361 72
184 32505 74
184 32519 54
185 196 71
185 262 8
185 1677 13
185 1912 66
185 2820 81
185 4175 76
185 4387 72
185 5040 33
185 5273 62
185 6969 71
185 8740 36
185 9594 68
185 10711 77
185 11169 26
185 12099 60
185 12809 84
185 13277 11
185 14195 57
185 15661 73
185 16990 30
185 17205 5
185 19544 8
185 21292 29
185 22421 2
185 23334 76
185 23401 84
185 23936 27
185 24736 46
185 24994 48
185 29214 35
185 29304 31
185 29766 30
185 32053 21
185 32442 30
186 1525 96
186 1977 49
186 1986 18
186 3847 69
186 6118 10
186 6456 85
186 6822 36
186 7508 87
186 11351 90
186 13681 39
186 15442 17
186 15598 52
186 20491 1
186 22806 53
186 23468 69
186 24238 88
186 26659 57
186 28103 47
186 28346 99
186 28438 12
186 30592 56
186 30922 1
186 31227 11
187 1861 16
187 2039 8
187 3536 24
187 3547 3
187 4226 2
187 4699 1
187 5855 50
187 6446 100
187 6968 39
187 8687 6
187 9563 42
187 10937 45
187 11675 98
187 12064 85
187 15008 72
187 16662 25
187 17930 49
187 19837 7
187 20997 81
187 22124 99
187 25763 12
187 26472 12
187 27476 51
187 27619 83
187 28545 83
187 30497 55
188 1281 36
188 3781 47
188 3784 95
188 5249 86
188 9230 63
188 9494 24
188 11612 32
188 11933 78
188 12664 11
188 14629 1
188 15571 60
188 15763 46
188 16343 49
188 19885 16
188 22184 31
188 23745 94
188 24813 46
188 25991 97
188 29622 81
188 30200 60
188 31920 28
188 32550 86
189 672 26
189 697 76
189 1237 92
189 3820 47
189 4944 93
189 7059 98
189 7064 47
189 7372 59
189 8485 49
189 9025 97
189 9465 39
189 9770 79
189 13561 94
189 13608 10
189 14869 26
189 15774 25
189 19418 50
189 20297 19
189 20401 88
189 21817 25
189 25189 44
189 25375 88
189 28592 82
189 29718 44
189 30509 95
190 153 25
190 1170 76
190 2142 5
190 3367 70
190 6267 99
190 8133 25
190 8253 22
190 8845 95
190 9249 31
190 11495 98
190 11686 15
190 11730 96
190 13671 36
190 14429 77
190 15390 4
190 15465 49
190 16478 66
190 18049 5
190 18193 39
190 18300 32
190 19203 52
190 20708 76
190 21363 39
190 22896 94
190 24632 76
190 27415 71
190 27529 93
190 28424 38
190 30732 84
190 31157 98
191 28 23
191 1757 14
191 1968 86
191 2430 62
191 2619 77
191 3468 37
191 3772 31
191 5199 6
191 5812 67
191 6311 19
191 7248 19
191 7436 19
191 8963 91
191 9633 90
191 13985 76
191 15250 52
191 15454 41
191 16467 33
191 17091 19
191 18453 34
191 18632 72
191 20408 77
191 24221 25
191 28677 89
191 29106 53
191 29333 76
191 31745 46
191 31816 11
192 2 87
192 961 67
192 1454 67
192 1626 39
192 2111 41
192 2859 72
192 3264 86
192 4446 17
192 6497 9
192 7625 71
192 8443 99
192 10193 53
192 12059 79
192 12129 20
192 12653 85
192 12745 75
192 13211 55
192 15045 69
192 15163 95
192 17729 75
192 18109 8
192 19368 1
192 20331 84
192 21784 97
192 23980 45
192 24462 21
192 25140 19
192 25572 9
192 27779 57
192 29748 37
192 30509 93
193 507 13
193 2109 32
193 2215 79
193 2267 13
193 3478 52
193 3885 37
193 4574 13
193 4751 3
193 5623 44
193 7243 6
193 7403 22
193 8096 47
193 8509 60
193 8860 38
193 10077 43
193 11348 24
193 13510 58
193 15109 28
193 16496 3
193 18538 95
193 20392 87
193 20564 50
193 22252 15
193 22973 40
193 26676 37
193 26917 95
193 28151 37
193 28226 74
193 29680 11
193 30268 12
193 32195 4
194 213 19
194 2379 35
194 2450 23
194 4213 27
194 8123 46
194 8283 53
194 9619 39
194 9677 33
194 9945 36
194 9957 37
194 10152 58
194 12591 34
194 12846 11
194 16506 49
194 16643 53
194 17418 22
194 17805 28
194 18081 61
194 18556 39
194 18620 76
194 18880 88
194 19135 42
194 19796 10
194 23864 80
194 23992 84
194 24307 25
194 25611 55
194 27517 21
194 28673 93
194 30652 95
194 31899 62
194 32737 90
195 1121 80
195 2821 94
195 4454 100
195 10909 43
195 11375 91
195 12323 47
195 13524 100
195 13991 26
195 15434 84
195 15576 92
195 15795 39
195 16803 82
195 18658 53
195 21609 38
195 22804 95
195 23779 57
195 24143 61
195 24399 15
195 26787 3
195 28522 53
195 29966 58
195 30343 19
195 30703 74
195 32081 18
195 32290 42
195 32506 9
196 34 97
196 973 21
196 1462 50
196 4134 23
196 4877 36
196 6157 84
196 6675 21
196 7373 19
196 7428 33
196 7680 61
196 8232 57
196 8835 86
196 9136 23
196 10963 16
196 14244 46
196 15352 41
196 15978 73
196 16125 85
196 17481 95
196 20468 18
196 24857 34
196 25677 8
196 25699 19
196 27364 50
196 27554 89
196 29377 11
196 30022 42
196 31500 60
196 31720 8
196 32642 13
197 79 71
197 644 15
197 3067 8
197 3750 33
197 5593 55
197 6461 24
197 8324 47
197 8662 45
197 8873 62
197 11348 22
197 11610 4
197 11979 4
197 12445 6
197 13680 96
197 13851 35
197 15659 74
197 16579 46
197 16648 87
197 16730 7
197 19029 77
197 19525 3
197 21879 34
197 23848 90
197 23962 13
197 24233 49
197 25633 95
197 26765 16
197 27190 31
197 27947 93
197 31223 73
197 31419 18
197 32204 55
197 32304 84
198 3321 38
198 5372 53
198 8149 50
198 9101 9
198 11211 42
198 13617 83
198 14729 95
198 18569 49
198 18629 28
198 18656 12
198 19864 94
198 20837 55
198 20878 66
198 20896 73
198 21991 33
198 22988 21
198 25318 47
198 25404 85
198 25479 55
198 26736 99
198 27079 24
198 31207 90
198 32735 40
199 543 86
199 1960 93
199 2374 7
199 4457 54
199 7461 52
199 8827 94
199 10120 23
199 12171 14
199 13842 19
199 13963 94
199 14463 1
199 15796 93
199 16354 62
199 16959 16
199 17027 78
199 17671 18
199 19327 26
199 21162 19
199 21916 33
199 23964 21
199 24887 72
199 28103 65
199 29157 37
199 29201 73
199 30860 8
199 31563 79
199 31684 8
199 31810 34
200 585 89
200 775 29
200 2264 78
200 2566 62
200 5984 73
200 6235 77
200 7067 53
200 8508 19
200 8552 100
200 8911 77
200 13775 3
200 13781 31
200 16044 86
200 17029 27
200 17972 1
200 18745 91
200 20445 36
200 22606 47
200 23255 90
200 23553 25
200 23704 10
200 23788 55
200 24812 4
200 24858 10
200 27914 96
200 31331 75
200 32409 60